   1.0200000   1.0200000
   1.0200000   1.0200000
   1.0200000   1.0200000
   1.0200000   1.0200000
   1.0199999   1.0200000
   1.0199999   1.0200000
   1.0199999   1.0200000
   1.0199999   1.0200000
   1.0199998   1.0200000
   1.0199998   1.0200000
   1.0199997   1.0200000
   1.0199997   1.0200000
   1.0199996   1.0200000
   1.0199996   1.0200000
   1.0199995   1.0200000
   1.0199995   1.0200000
   1.0199994   1.0200000
   1.0199993   1.0200000
   1.0199992   1.0200000
   1.0199991   1.0200000
   1.0199991   1.0200000
   1.0199990   1.0200000
   1.0199989   1.0200000
   1.0199988   1.0200000
   1.0199987   1.0200000
   1.0199986   1.0200000
   1.0199985   1.0200000
   1.0199983   1.0200000
   1.0199982   1.0200000
   1.0199981   1.0200000
   1.0199980   1.0200000
   1.0199978   1.0200000
   1.0199977   1.0200000
   1.0199975   1.0200000
   1.0199974   1.0200000
   1.0199972   1.0200000
   1.0199971   1.0200000
   1.0199969   1.0200000
   1.0199967   1.0200000
   1.0199966   1.0200000
   1.0199964   1.0200000
   1.0199962   1.0200000
   1.0199960   1.0200000
   1.0199958   1.0200000
   1.0199956   1.0200000
   1.0199954   1.0200000
   1.0199952   1.0200000
   1.0199950   1.0200000
   1.0199948   1.0200000
   1.0199946   1.0200000
   1.0199944   1.0200000
   1.0199941   1.0200000
   1.0199939   1.0200000
   1.0199937   1.0200000
   1.0199934   1.0200000
   1.0199932   1.0200000
   1.0199929   1.0200000
   1.0199927   1.0200000
   1.0199924   1.0200000
   1.0199921   1.0200000
   1.0199918   1.0200000
   1.0199916   1.0200000
   1.0199913   1.0200000
   1.0199910   1.0200000
   1.0199907   1.0200000
   1.0199904   1.0200000
   1.0199901   1.0200000
   1.0199898   1.0200000
   1.0199895   1.0200000
   1.0199891   1.0200000
   1.0199888   1.0200000
   1.0199885   1.0200000
   1.0199881   1.0200000
   1.0199878   1.0200000
   1.0199875   1.0200000
   1.0199871   1.0200000
   1.0199867   1.0200000
   1.0199864   1.0200000
   1.0199860   1.0200000
   1.0199856   1.0200000
   1.0199852   1.0200000
   1.0199849   1.0200000
   1.0199845   1.0200000
   1.0199841   1.0200000
   1.0199837   1.0200000
   1.0199833   1.0200000
   1.0199828   1.0200000
   1.0199824   1.0200000
   1.0199820   1.0200000
   1.0199816   1.0200000
   1.0199811   1.0200000
   1.0199807   1.0200000
   1.0199802   1.0200000
   1.0199798   1.0200000
   1.0199793   1.0200000
   1.0199788   1.0200000
   1.0199784   1.0200000
   1.0199779   1.0200000
   1.0199774   1.0200000
   1.0199769   1.0200000
   1.0199764   1.0200000
   1.0199759   1.0200000
   1.0199754   1.0200000
   1.0199749   1.0200000
   1.0199743   1.0200000
   1.0199738   1.0200000
   1.0199733   1.0200000
   1.0199727   1.0200000
   1.0199722   1.0200000
   1.0199716   1.0200000
   1.0199711   1.0200000
   1.0199705   1.0200000
   1.0199699   1.0200000
   1.0199694   1.0200000
   1.0199688   1.0200000
   1.0199682   1.0200000
   1.0199676   1.0200000
   1.0199670   1.0200000
   1.0199664   1.0200000
   1.0199657   1.0200000
   1.0199651   1.0200000
   1.0199645   1.0200000
   1.0199639   1.0200000
   1.0199632   1.0200000
   1.0199626   1.0200000
   1.0199619   1.0200000
   1.0199612   1.0200000
   1.0199606   1.0200000
   1.0199599   1.0200000
   1.0199592   1.0200000
   1.0199585   1.0200000
   1.0199578   1.0200000
   1.0199571   1.0200000
   1.0199564   1.0200000
   1.0199557   1.0200000
   1.0199549   1.0200000
   1.0199542   1.0200000
   1.0199535   1.0200000
   1.0199527   1.0200000
   1.0199520   1.0200000
   1.0199512   1.0200000
   1.0199504   1.0200000
   1.0199497   1.0200000
   1.0199489   1.0200000
   1.0199481   1.0200000
   1.0199473   1.0200000
   1.0199465   1.0200000
   1.0199457   1.0200000
   1.0199448   1.0200000
   1.0199440   1.0200000
   1.0199432   1.0200000
   1.0199423   1.0200000
   1.0199415   1.0200000
   1.0199406   1.0200000
   1.0199398   1.0200000
   1.0199389   1.0200000
   1.0199380   1.0200000
   1.0199371   1.0200000
   1.0199362   1.0200000
   1.0199353   1.0200000
   1.0199344   1.0200000
   1.0199335   1.0200000
   1.0199325   1.0200000
   1.0199316   1.0200000
   1.0199307   1.0200000
   1.0199297   1.0200000
   1.0199287   1.0200000
   1.0199278   1.0200000
   1.0199268   1.0200000
   1.0199258   1.0200000
   1.0199248   1.0200000
   1.0199238   1.0200000
   1.0199228   1.0200000
   1.0199218   1.0200000
   1.0199208   1.0200000
   1.0199197   1.0200000
   1.0199187   1.0200000
   1.0199176   1.0200000
   1.0199166   1.0200000
   1.0199155   1.0200000
   1.0199144   1.0200000
   1.0199134   1.0200000
   1.0199123   1.0200000
   1.0199112   1.0200000
   1.0199100   1.0200000
   1.0199089   1.0200000
   1.0199078   1.0200000
   1.0199066   1.0200000
   1.0199055   1.0200000
   1.0199043   1.0200000
   1.0199032   1.0200000
   1.0199020   1.0200000
   1.0199008   1.0200000
   1.0198996   1.0200000
   1.0198984   1.0200000
   1.0198972   1.0200000
   1.0198960   1.0200000
   1.0198947   1.0200000
   1.0198935   1.0200000
   1.0198923   1.0200000
   1.0198910   1.0200000
   1.0198897   1.0200000
   1.0198884   1.0200000
   1.0198872   1.0200000
   1.0198859   1.0200000
   1.0198846   1.0200000
   1.0198832   1.0200000
   1.0198819   1.0200000
   1.0198806   1.0200000
   1.0198792   1.0200000
   1.0198779   1.0200000
   1.0198765   1.0200000
   1.0198751   1.0200000
   1.0198738   1.0200000
   1.0198724   1.0200000
   1.0198710   1.0200000
   1.0198696   1.0200000
   1.0198681   1.0200000
   1.0198667   1.0200000
   1.0198653   1.0200000
   1.0198638   1.0200000
   1.0198624   1.0200000
   1.0198609   1.0200000
   1.0198594   1.0200000
   1.0198579   1.0200000
   1.0198564   1.0200000
   1.0198549   1.0200000
   1.0198533   1.0200000
   1.0198518   1.0200000
   1.0198503   1.0200000
   1.0198487   1.0200000
   1.0198471   1.0200000
   1.0198455   1.0200000
   1.0198440   1.0200000
   1.0198423   1.0200000
   1.0198407   1.0200000
   1.0198391   1.0200000
   1.0198374   1.0200000
   1.0198358   1.0200000
   1.0198341   1.0200000
   1.0198324   1.0200000
   1.0198308   1.0200000
   1.0198291   1.0200000
   1.0198273   1.0200000
   1.0198256   1.0200000
   1.0198239   1.0200000
   1.0198221   1.0200000
   1.0198204   1.0200000
   1.0198186   1.0200000
   1.0198168   1.0200000
   1.0198150   1.0200000
   1.0198132   1.0200000
   1.0198114   1.0200000
   1.0198096   1.0200000
   1.0198077   1.0200000
   1.0198059   1.0200000
   1.0198040   1.0200000
   1.0198022   1.0200000
   1.0198003   1.0200000
   1.0197984   1.0200000
   1.0197965   1.0200000
   1.0197945   1.0200000
   1.0197926   1.0200000
   1.0197907   1.0200000
   1.0197887   1.0200000
   1.0197867   1.0200000
   1.0197847   1.0200000
   1.0197828   1.0200000
   1.0197807   1.0200000
   1.0197787   1.0200000
   1.0197767   1.0200000
   1.0197747   1.0200000
   1.0197726   1.0200000
   1.0197705   1.0200000
   1.0197685   1.0200000
   1.0197664   1.0200000
   1.0197643   1.0200000
   1.0197622   1.0200000
   1.0197600   1.0200000
   1.0197579   1.0200000
   1.0197558   1.0200000
   1.0197536   1.0200000
   1.0197514   1.0200000
   1.0197492   1.0200000
   1.0197471   1.0200000
   1.0197449   1.0200000
   1.0197426   1.0200000
   1.0197404   1.0200000
   1.0197382   1.0200000
   1.0197359   1.0200000
   1.0197337   1.0200000
   1.0197314   1.0200000
   1.0197291   1.0200000
   1.0197268   1.0200000
   1.0197245   1.0200000
   1.0197222   1.0200000
   1.0197199   1.0200000
   1.0197176   1.0200000
   1.0197152   1.0200000
   1.0197129   1.0200000
   1.0197105   1.0200000
   1.0197082   1.0200000
   1.0197058   1.0200000
   1.0197034   1.0200000
   1.0197010   1.0200000
   1.0196986   1.0200000
   1.0196963   1.0200000
   1.0196938   1.0200000
   1.0196914   1.0200000
   1.0196890   1.0200000
   1.0196866   1.0200000
   1.0196842   1.0200000
   1.0196818   1.0200000
   1.0196793   1.0200000
   1.0196769   1.0200000
   1.0196745   1.0200000
   1.0196720   1.0200000
   1.0196696   1.0200000
   1.0196672   1.0200000
   1.0196647   1.0200000
   1.0196623   1.0200000
   1.0196599   1.0200000
   1.0196575   1.0200000
   1.0196551   1.0200000
   1.0196527   1.0200000
   1.0196502   1.0200000
   1.0196479   1.0200000
   1.0196455   1.0200000
   1.0196431   1.0200000
   1.0196406   1.0200000
   1.0196381   1.0200000
   1.0196356   1.0200000
   1.0196330   1.0200000
   1.0196305   1.0200000
   1.0196280   1.0200000
   1.0196254   1.0200000
   1.0196229   1.0200000
   1.0196204   1.0200000
   1.0196179   1.0200000
   1.0196154   1.0200000
   1.0196128   1.0200000
   1.0196103   1.0200000
   1.0196078   1.0200000
   1.0196053   1.0200000
   1.0196028   1.0200000
   1.0196003   1.0200000
   1.0195978   1.0200000
   1.0195953   1.0200000
   1.0195928   1.0200000
   1.0195904   1.0200000
   1.0195879   1.0200000
   1.0195854   1.0200000
   1.0195830   1.0200000
   1.0195805   1.0200000
   1.0195781   1.0200000
   1.0195756   1.0200000
   1.0195732   1.0200000
   1.0195708   1.0200000
   1.0195684   1.0200000
   1.0195660   1.0200000
   1.0195636   1.0200000
   1.0195613   1.0200000
   1.0195589   1.0200000
   1.0195566   1.0200000
   1.0195543   1.0200000
   1.0195520   1.0200000
   1.0195497   1.0200000
   1.0195474   1.0200000
   1.0195452   1.0200000
   1.0195430   1.0200000
   1.0195407   1.0200000
   1.0195385   1.0200000
   1.0195364   1.0200000
   1.0195342   1.0200000
   1.0195321   1.0200000
   1.0195299   1.0200000
   1.0195278   1.0200000
   1.0195258   1.0200000
   1.0195237   1.0200000
   1.0195217   1.0200000
   1.0195196   1.0200000
   1.0195176   1.0200000
   1.0195157   1.0200000
   1.0195137   1.0200000
   1.0195118   1.0200000
   1.0195099   1.0200000
   1.0195080   1.0200000
   1.0195062   1.0200000
   1.0195043   1.0200000
   1.0195025   1.0200000
   1.0195007   1.0200000
   1.0194990   1.0200000
   1.0194972   1.0200000
   1.0194955   1.0200000
   1.0194938   1.0200000
   1.0194922   1.0200000
   1.0194905   1.0200000
   1.0194889   1.0200000
   1.0194873   1.0200000
   1.0194858   1.0200000
   1.0194842   1.0200000
   1.0194827   1.0200000
   1.0194812   1.0200000
   1.0194798   1.0200000
   1.0194783   1.0200000
   1.0194769   1.0200000
   1.0194755   1.0200000
   1.0194741   1.0200000
   1.0194727   1.0200000
   1.0194714   1.0200000
   1.0194701   1.0200000
   1.0194688   1.0200000
   1.0194676   1.0200000
   1.0194663   1.0200000
   1.0194651   1.0200000
   1.0194639   1.0200000
   1.0194627   1.0200000
   1.0194616   1.0200000
   1.0194605   1.0200000
   1.0194594   1.0200000
   1.0194583   1.0200000
   1.0194572   1.0200000
   1.0194562   1.0200000
   1.0194552   1.0200000
   1.0194542   1.0200000
   1.0194532   1.0200000
   1.0194523   1.0200000
   1.0194513   1.0200000
   1.0194504   1.0200000
   1.0194495   1.0200000
   1.0194487   1.0200000
   1.0194478   1.0200000
   1.0194470   1.0200000
   1.0194462   1.0200000
   1.0194454   1.0200000
   1.0194446   1.0200000
   1.0194439   1.0200000
   1.0194432   1.0200000
   1.0194425   1.0200000
   1.0194418   1.0200000
   1.0194411   1.0200000
   1.0194405   1.0200000
   1.0194398   1.0200000
   1.0194392   1.0200000
   1.0194386   1.0200000
   1.0194381   1.0200000
   1.0194375   1.0200000
   1.0194370   1.0200000
   1.0194365   1.0200000
   1.0194360   1.0200000
   1.0194355   1.0200000
   1.0194350   1.0200000
   1.0194346   1.0200000
   1.0194314   1.0200000
   1.0194270   1.0200000
   1.0194238   1.0200000
   1.0194216   1.0200000
   1.0194207   1.0200000
   1.0194207   1.0200000
   1.0194207   1.0200000
   1.0194207   1.0200000
   1.0194207   1.0200000
   1.0194207   1.0200000
   1.0194207   1.0200000
   1.0194207   1.0200000
   1.0194207   1.0200000
   1.0194207   1.0200000
   1.0194207   1.0200000
   1.0194207   1.0200000
   1.0194207   1.0200000
   1.0194207   1.0200000
   1.0194207   1.0200000
   1.0194207   1.0200000
   1.0194207   1.0200000
   1.0194207   1.0200000
   1.0194207   1.0200000
   1.0194207   1.0200000
   1.0194207   1.0200000
   1.0194207   1.0200000
   1.0194207   1.0200000
   1.0194207   1.0200000
   1.0194207   1.0200000
   1.0194207   1.0200000
   1.0194207   1.0200000
   1.0194207   1.0200000
   1.0194207   1.0200000
   1.0194207   1.0200000
   1.0194207   1.0200000
   1.0194207   1.0200000
   1.0194207   1.0200000
   1.0194207   1.0200000
   1.0194207   1.0200000
   1.0194207   1.0200000
   1.0194207   1.0200000
   1.0194207   1.0200000
   1.0194207   1.0200000
   1.0194207   1.0200000
   1.0194207   1.0200000
   1.0194207   1.0200000
   1.0194207   1.0200000
   1.0194207   1.0200000
   1.0194207   1.0200000
   1.0194207   1.0200000
   1.0194207   1.0200000
   1.0194207   1.0200000
   1.0194207   1.0200000
   1.0194207   1.0200000
   1.0194207   1.0200000
   1.0194207   1.0200000
   1.0194207   1.0200000
   1.0194207   1.0200000
   1.0194207   1.0200000
   1.0194207   1.0200000
   1.0194207   1.0200000
   1.0194207   1.0200000
   1.0194207   1.0200000
   1.0194207   1.0200000
   1.0194207   1.0200000
   1.0194207   1.0200000
   1.0194207   1.0200000
   1.0194207   1.0200000
   1.0194207   1.0200000
   1.0194207   1.0200000
   1.0194207   1.0200000
   1.0194207   1.0200000
   1.0194207   1.0200000
   1.0194207   1.0200000
   1.0194207   1.0200000
   1.0194207   1.0200000
   1.0194207   1.0200000
   1.0194207   1.0200000
   1.0194207   1.0200000
   1.0194207   1.0200000
   1.0194207   1.0200000
   1.0194207   1.0200000
   1.0194207   1.0200000
   1.0194207   1.0200000
   1.0194207   1.0200000
   1.0194207   1.0200000
   1.0194207   1.0200000
   1.0194207   1.0200000
   1.0194207   1.0200000
   1.0194207   1.0200000
   1.0194207   1.0200000
   1.0194207   1.0200000
   1.0194207   1.0200000
   1.0194207   1.0200000
   1.0194207   1.0200000
   1.0194207   1.0200000
   1.0194207   1.0200000
   1.0194207   1.0200000
   1.0194207   1.0200000
   1.0194207   1.0200000
   1.0194207   1.0200000
   1.0194207   1.0200000
   1.0194207   1.0200000
   1.0194207   1.0200000
   1.0194207   1.0200000
   1.0194207   1.0200000
   1.0194207   1.0200000
   1.0194207   1.0200000
   1.0194207   1.0200000
   1.0194207   1.0200000
   1.0194207   1.0200000
   1.0194207   1.0200000
   1.0194207   1.0200000
   1.0194207   1.0200000
   1.0194207   1.0200000
   1.0194207   1.0200000
   1.0194207   1.0200000
   1.0194207   1.0200000
   1.0194207   1.0200000
   1.0194207   1.0200000
   1.0194207   1.0200000
   1.0194207   1.0200000
   1.0194207   1.0200000
   1.0194207   1.0200000
   1.0194207   1.0200000
   1.0194207   1.0200000
   1.0194207   1.0200000
   1.0194207   1.0200000
   1.0194207   1.0200000
   1.0194207   1.0200000
   1.0194207   1.0200000
   1.0194207   1.0200000
   1.0194207   1.0200000
   1.0194207   1.0200000
   1.0194207   1.0200000
   1.0194207   1.0200000
   1.0194207   1.0200000
   1.0194207   1.0200000
   1.0194207   1.0200000
   1.0194207   1.0200000
   1.0194207   1.0200000
   1.0194207   1.0200000
   1.0194207   1.0200000
   1.0194207   1.0200000
   1.0194207   1.0200000
   1.0194207   1.0200000
   1.0194207   1.0200000
   1.0194207   1.0200000
   1.0194207   1.0200000
   1.0194207   1.0200000
   1.0194207   1.0200000
   1.0194207   1.0200000
   1.0194207   1.0200000
   1.0194207   1.0200000
   1.0194207   1.0200000
   1.0194207   1.0200000
   1.0194207   1.0200000
   1.0194207   1.0200000
   1.0194207   1.0200000
   1.0194207   1.0200000
   1.0194207   1.0200000
   1.0194207   1.0200000
   1.0194207   1.0200000
   1.0194207   1.0200000
   1.0194207   1.0200000
   1.0194207   1.0200000
   1.0194207   1.0200000
   1.0194207   1.0200000
   1.0194207   1.0200000
   1.0194207   1.0200000
   1.0194207   1.0200000
   1.0194207   1.0200000
   1.0194207   1.0200000
   1.0194207   1.0200000
   1.0194207   1.0200000
   1.0194207   1.0200000
   1.0194207   1.0200000
   1.0194207   1.0200000
   1.0194207   1.0200000
   1.0194207   1.0200000
   1.0194207   1.0200000
   1.0194207   1.0200000
   1.0194207   1.0200000
   1.0194207   1.0200000
   1.0194207   1.0200000
   1.0194207   1.0200000
   1.0194207   1.0200000
   1.0194207   1.0200000
   1.0194207   1.0200000
   1.0194207   1.0200000
   1.0194207   1.0200000
   1.0194207   1.0200000
   1.0194207   1.0200000
   1.0194207   1.0200000
   1.0194207   1.0200000
   1.0194207   1.0200000
   1.0194207   1.0200000
   1.0194207   1.0200000
   1.0194207   1.0200000
   1.0194207   1.0200000
   1.0194207   1.0200000
   1.0194207   1.0200000
   1.0194207   1.0200000
   1.0194207   1.0200000
   1.0194207   1.0200000
   1.0194207   1.0200000
   1.0194207   1.0200000
   1.0194207   1.0200000
   1.0194207   1.0200000
   1.0194207   1.0200000
   1.0194207   1.0200000
   1.0194207   1.0200000
   1.0194207   1.0200000
   1.0194207   1.0200000
   1.0194207   1.0200000
   1.0194207   1.0200000
   1.0194207   1.0200000
   1.0194207   1.0200000
   1.0194207   1.0200000
   1.0194207   1.0200000
   1.0194207   1.0200000
   1.0194207   1.0200000
   1.0194207   1.0200000
   1.0194207   1.0200000
   1.0194207   1.0200000
   1.0194207   1.0200000
   1.0194207   1.0200000
   1.0194207   1.0200000
   1.0194207   1.0200000
   1.0194207   1.0200000
   1.0194207   1.0200000
   1.0194207   1.0200000
   1.0194207   1.0200000
   1.0194207   1.0200000
   1.0194207   1.0200000
   1.0194207   1.0200000
   1.0194207   1.0200000
   1.0194207   1.0200000
   1.0194207   1.0200000
   1.0194207   1.0200000
   1.0194207   1.0200000
   1.0194207   1.0200000
   1.0194207   1.0200000
   1.0194207   1.0200000
   1.0194207   1.0200000
   1.0194207   1.0200000
   1.0194207   1.0200000
   1.0194207   1.0200000
   1.0194207   1.0200000
   1.0194207   1.0200000
   1.0194207   1.0200000
   1.0194207   1.0200000
   1.0194207   1.0200000
   1.0194207   1.0200000
   1.0194207   1.0200000
   1.0194207   1.0200000
   1.0194207   1.0200000
   1.0194207   1.0200013
   1.0194207   1.0200031
   1.0194207   1.0200046
   1.0194207   1.0200060
   1.0194207   1.0200073
   1.0194207   1.0200084
   1.0194207   1.0200105
   1.0194207   1.0200125
   1.0194207   1.0200165
   1.0194207   1.0200281
   1.0194207   1.0200384
   1.0194207   1.0200471
   1.0194207   1.0200542
   1.0194207   1.0200596
   1.0194207   1.0200632
   1.0194207   1.0200651
   1.0194207   1.0200653
   1.0194207   1.0200725
   1.0194207   1.0200830
   1.0194207   1.0200928
   1.0194207   1.0201019
   1.0194207   1.0201102
   1.0194207   1.0201177
   1.0194207   1.0201244
   1.0194207   1.0201302
   1.0194207   1.0201352
   1.0194207   1.0201394
   1.0194207   1.0201426
   1.0194207   1.0201451
   1.0194207   1.0201466
   1.0194207   1.0201474
   1.0194207   1.0201474
   1.0194207   1.0201474
   1.0194207   1.0201474
   1.0194207   1.0201474
   1.0194207   1.0201474
   1.0194207   1.0201474
   1.0194207   1.0201474
   1.0194207   1.0201474
   1.0194207   1.0201474
   1.0194207   1.0201474
   1.0194207   1.0201474
   1.0194207   1.0201474
   1.0194207   1.0201474
   1.0194207   1.0201474
   1.0194207   1.0201474
   1.0194207   1.0201474
   1.0194207   1.0201474
   1.0194207   1.0201474
   1.0194207   1.0201505
   1.0194207   1.0201542
   1.0194207   1.0201576
   1.0194207   1.0201606
   1.0194207   1.0201633
   1.0194207   1.0201656
   1.0194207   1.0201675
   1.0194207   1.0201690
   1.0194207   1.0201702
   1.0194207   1.0201711
   1.0194207   1.0201717
   1.0194207   1.0201727
   1.0194207   1.0201783
   1.0194207   1.0201838
   1.0194207   1.0201892
   1.0194207   1.0201944
   1.0194207   1.0201993
   1.0194207   1.0202040
   1.0194207   1.0202100
   1.0194207   1.0202162
   1.0194207   1.0202220
   1.0194207   1.0202274
   1.0194207   1.0202325
   1.0194207   1.0202372
   1.0194207   1.0202418
   1.0194207   1.0202486
   1.0194207   1.0202576
   1.0194207   1.0202665
   1.0194207   1.0202751
   1.0194207   1.0202835
   1.0194207   1.0202915
   1.0194207   1.0202993
   1.0194207   1.0203067
   1.0194207   1.0203139
   1.0194207   1.0203206
   1.0194207   1.0203270
   1.0194207   1.0203331
   1.0194207   1.0203387
   1.0194207   1.0203440
   1.0194207   1.0203489
   1.0194207   1.0203534
   1.0194207   1.0203575
   1.0194207   1.0203612
   1.0194207   1.0203645
   1.0194207   1.0203674
   1.0194207   1.0203700
   1.0194207   1.0203721
   1.0194207   1.0203739
   1.0194207   1.0203754
   1.0194207   1.0203765
   1.0194207   1.0203773
   1.0194207   1.0203777
   1.0194207   1.0203790
   1.0194207   1.0203811
   1.0194207   1.0203829
   1.0194207   1.0203844
   1.0194207   1.0203957
   1.0194207   1.0204065
   1.0194207   1.0204167
   1.0194207   1.0204262
   1.0194207   1.0204350
   1.0194207   1.0204431
   1.0194207   1.0204505
   1.0194207   1.0204570
   1.0194207   1.0204628
   1.0194207   1.0204677
   1.0194207   1.0204718
   1.0194207   1.0204751
   1.0194207   1.0204795
   1.0194207   1.0204873
   1.0194207   1.0204950
   1.0194207   1.0205023
   1.0194207   1.0205095
   1.0194207   1.0205163
   1.0194207   1.0205229
   1.0194207   1.0205292
   1.0194207   1.0205352
   1.0194207   1.0205410
   1.0194207   1.0205464
   1.0194207   1.0205516
   1.0194207   1.0205565
   1.0194207   1.0205611
   1.0194207   1.0205655
   1.0194207   1.0205696
   1.0194207   1.0205734
   1.0194207   1.0205770
   1.0194207   1.0205804
   1.0194207   1.0205835
   1.0194207   1.0205865
   1.0194207   1.0205919
   1.0194207   1.0205980
   1.0194207   1.0206038
   1.0194207   1.0206095
   1.0194207   1.0206149
   1.0194207   1.0206202
   1.0194207   1.0206252
   1.0194207   1.0206300
   1.0194207   1.0206345
   1.0194207   1.0206389
   1.0194207   1.0206435
   1.0194207   1.0206483
   1.0194207   1.0206532
   1.0194207   1.0206579
   1.0194207   1.0206625
   1.0194207   1.0206669
   1.0194207   1.0206812
   1.0194207   1.0207047
   1.0194207   1.0207280
   1.0194207   1.0207508
   1.0194207   1.0207730
   1.0194207   1.0207944
   1.0194207   1.0208149
   1.0194207   1.0208343
   1.0194207   1.0208526
   1.0194207   1.0208697
   1.0194207   1.0208855
   1.0194207   1.0209000
   1.0194207   1.0209132
   1.0194207   1.0209250
   1.0194207   1.0209354
   1.0194207   1.0209444
   1.0194207   1.0209520
   1.0194207   1.0209582
   1.0194207   1.0209639
   1.0194207   1.0209694
   1.0194207   1.0209734
   1.0194207   1.0209761
   1.0194207   1.0209774
   1.0194207   1.0209774
   1.0194207   1.0209774
   1.0194207   1.0209774
   1.0194207   1.0209774
   1.0194207   1.0209774
   1.0194207   1.0209774
   1.0194207   1.0209774
   1.0194207   1.0209774
   1.0194207   1.0209774
   1.0194207   1.0209774
   1.0194207   1.0209774
   1.0194207   1.0209774
   1.0194207   1.0209774
   1.0194207   1.0209774
   1.0194207   1.0209774
   1.0194207   1.0209825
   1.0194207   1.0209886
   1.0194207   1.0209940
   1.0194207   1.0209987
   1.0194207   1.0210027
   1.0194207   1.0210058
   1.0194207   1.0210083
   1.0194207   1.0210099
   1.0194207   1.0210109
   1.0194207   1.0210111
   1.0194207   1.0210111
   1.0194207   1.0210111
   1.0194207   1.0210111
   1.0194207   1.0210111
   1.0194207   1.0210112
   1.0194207   1.0210203
   1.0194207   1.0210293
   1.0194207   1.0210380
   1.0194207   1.0210464
   1.0194207   1.0210546
   1.0194207   1.0210625
   1.0194207   1.0210701
   1.0194207   1.0210775
   1.0194207   1.0210845
   1.0194207   1.0210912
   1.0194207   1.0210975
   1.0194207   1.0211035
   1.0194207   1.0211092
   1.0194207   1.0211146
   1.0194207   1.0211196
   1.0194207   1.0211242
   1.0194207   1.0211305
   1.0194207   1.0211389
   1.0194207   1.0211472
   1.0194207   1.0211554
   1.0194207   1.0211634
   1.0194207   1.0211713
   1.0194207   1.0211790
   1.0194207   1.0211866
   1.0194207   1.0211941
   1.0194207   1.0212014
   1.0194207   1.0212085
   1.0194207   1.0212155
   1.0194207   1.0212223
   1.0194207   1.0212289
   1.0194207   1.0212365
   1.0194207   1.0212449
   1.0194207   1.0212533
   1.0194207   1.0212615
   1.0194207   1.0212696
   1.0194207   1.0212776
   1.0194207   1.0212854
   1.0194207   1.0212932
   1.0194207   1.0213007
   1.0194207   1.0213082
   1.0194207   1.0213155
   1.0194207   1.0213227
   1.0194207   1.0213297
   1.0194207   1.0213367
   1.0194207   1.0213468
   1.0194207   1.0213568
   1.0194207   1.0213666
   1.0194207   1.0213761
   1.0194207   1.0213854
   1.0194207   1.0213945
   1.0194207   1.0214034
   1.0194207   1.0214120
   1.0194207   1.0214204
   1.0194207   1.0214286
   1.0194207   1.0214365
   1.0194207   1.0214441
   1.0194207   1.0214515
   1.0194207   1.0214586
   1.0194207   1.0214655
   1.0194207   1.0214721
   1.0194207   1.0214785
   1.0194207   1.0214846
   1.0194207   1.0214905
   1.0194207   1.0214978
   1.0194207   1.0215060
   1.0194207   1.0215133
   1.0194207   1.0215196
   1.0194207   1.0215249
   1.0194207   1.0215293
   1.0194207   1.0215328
   1.0194207   1.0215354
   1.0194207   1.0215371
   1.0194207   1.0215381
   1.0194207   1.0215397
   1.0194207   1.0215445
   1.0194207   1.0215495
   1.0194207   1.0215543
   1.0194207   1.0215589
   1.0194207   1.0215632
   1.0194207   1.0215672
   1.0194207   1.0215711
   1.0194207   1.0215747
   1.0194207   1.0215781
   1.0194207   1.0215833
   1.0194207   1.0215906
   1.0194207   1.0216009
   1.0194207   1.0216136
   1.0194207   1.0216259
   1.0194207   1.0216377
   1.0194207   1.0216491
   1.0194207   1.0216599
   1.0194207   1.0216703
   1.0194207   1.0216800
   1.0194207   1.0216892
   1.0194207   1.0216978
   1.0194207   1.0217058
   1.0194207   1.0217132
   1.0194207   1.0217199
   1.0194207   1.0217260
   1.0194207   1.0217314
   1.0194207   1.0217362
   1.0194207   1.0217404
   1.0194207   1.0217439
   1.0194207   1.0217468
   1.0194207   1.0217491
   1.0194207   1.0217508
   1.0194207   1.0217519
   1.0194207   1.0217590
   1.0194207   1.0217689
   1.0194207   1.0217780
   1.0194207   1.0217863
   1.0194207   1.0217937
   1.0194207   1.0218003
   1.0194207   1.0218059
   1.0194207   1.0218107
   1.0194207   1.0218147
   1.0194207   1.0218177
   1.0194207   1.0218199
   1.0194207   1.0218212
   1.0194207   1.0218216
   1.0194207   1.0218216
   1.0194207   1.0218216
   1.0194207   1.0218216
   1.0194207   1.0218216
   1.0194207   1.0218216
   1.0194207   1.0218216
   1.0194207   1.0218364
   1.0194207   1.0218511
   1.0194207   1.0218651
   1.0194207   1.0218784
   1.0194207   1.0218910
   1.0194207   1.0219028
   1.0194207   1.0219136
   1.0194207   1.0219236
   1.0194207   1.0219325
   1.0194207   1.0219404
   1.0194207   1.0219472
   1.0194207   1.0219529
   1.0194207   1.0219575
   1.0194207   1.0219609
   1.0194207   1.0219632
   1.0194207   1.0219642
   1.0194207   1.0219642
   1.0194207   1.0219642
   1.0194207   1.0219642
   1.0194207   1.0219642
   1.0194207   1.0219642
   1.0194207   1.0219642
   1.0194207   1.0219642
   1.0194207   1.0219642
   1.0194207   1.0219642
   1.0194207   1.0219642
   1.0194207   1.0219642
   1.0194207   1.0219642
   1.0194207   1.0219642
   1.0194207   1.0219642
   1.0194207   1.0219642
   1.0194207   1.0219642
   1.0194207   1.0219642
   1.0194207   1.0219642
   1.0194207   1.0219642
   1.0194207   1.0219642
   1.0194207   1.0219642
   1.0194207   1.0219642
   1.0194207   1.0219642
   1.0194207   1.0219642
   1.0194207   1.0219642
   1.0194207   1.0219642
   1.0194207   1.0219642
   1.0194207   1.0219642
   1.0194207   1.0219642
   1.0194207   1.0219642
   1.0194207   1.0219642
   1.0194207   1.0219642
   1.0194207   1.0219642
   1.0194207   1.0219642
   1.0194207   1.0219642
   1.0194207   1.0219642
   1.0194207   1.0219642
   1.0194207   1.0219642
   1.0194207   1.0219642
   1.0194207   1.0219642
   1.0194207   1.0219642
   1.0194207   1.0219642
   1.0194207   1.0219642
   1.0194207   1.0219642
   1.0194207   1.0219642
   1.0194207   1.0219642
   1.0194207   1.0219642
   1.0194207   1.0219642
   1.0194207   1.0219642
   1.0194207   1.0219642
   1.0194207   1.0219642
   1.0194207   1.0219642
   1.0194207   1.0219642
   1.0194207   1.0219642
   1.0194207   1.0219642
   1.0194207   1.0219642
   1.0194207   1.0219642
   1.0194207   1.0219642
   1.0194207   1.0219642
   1.0194207   1.0219642
   1.0194207   1.0219642
   1.0194207   1.0219642
   1.0194207   1.0219642
   1.0194207   1.0219642
   1.0194207   1.0219642
   1.0194207   1.0219642
   1.0194207   1.0219642
   1.0194207   1.0219642
   1.0194207   1.0219642
   1.0194207   1.0219642
   1.0194207   1.0219642
   1.0194207   1.0219642
   1.0194207   1.0219642
   1.0194207   1.0219642
   1.0194207   1.0219642
   1.0194207   1.0219642
   1.0194207   1.0219642
   1.0194207   1.0219642
   1.0194207   1.0219642
   1.0194207   1.0219642
   1.0194207   1.0219642
   1.0194207   1.0219642
   1.0194207   1.0219642
   1.0194207   1.0219642
   1.0194207   1.0219642
   1.0194207   1.0219642
   1.0194207   1.0219642
   1.0194207   1.0219642
   1.0194207   1.0219642
   1.0194207   1.0219642
   1.0194207   1.0219642
   1.0194207   1.0219642
   1.0194207   1.0219642
   1.0194207   1.0219642
   1.0194207   1.0219642
   1.0194207   1.0219642
   1.0194207   1.0219642
   1.0194207   1.0219642
   1.0194207   1.0219642
   1.0194207   1.0219642
   1.0194207   1.0219642
   1.0194207   1.0219642
   1.0194207   1.0219642
   1.0194207   1.0219642
   1.0194207   1.0219642
   1.0194207   1.0219642
   1.0194207   1.0219642
   1.0194207   1.0219642
   1.0194207   1.0219642
   1.0194207   1.0219642
   1.0194207   1.0219642
   1.0194207   1.0219642
   1.0194207   1.0219642
   1.0194207   1.0219642
   1.0194207   1.0219642
   1.0194207   1.0219642
   1.0194207   1.0219642
   1.0194207   1.0219642
   1.0194207   1.0219642
   1.0194207   1.0219642
   1.0194207   1.0219642
   1.0194207   1.0219642
   1.0194207   1.0219642
   1.0194207   1.0219642
   1.0194207   1.0219642
   1.0194207   1.0219642
   1.0194207   1.0219642
   1.0194207   1.0219642
   1.0194207   1.0219642
   1.0194207   1.0219642
   1.0194207   1.0219642
   1.0194207   1.0219642
   1.0194207   1.0219642
   1.0194207   1.0219642
   1.0194207   1.0219642
   1.0194207   1.0219642
   1.0194207   1.0219642
   1.0194207   1.0219642
   1.0194207   1.0219642
   1.0194207   1.0219642
   1.0194207   1.0219642
   1.0194207   1.0219642
   1.0194207   1.0219642
   1.0194207   1.0219642
   1.0194207   1.0219642
   1.0194207   1.0219642
   1.0194207   1.0219642
   1.0194207   1.0219642
   1.0194207   1.0219642
   1.0194207   1.0219642
   1.0194207   1.0219642
   1.0194207   1.0219642
   1.0194207   1.0219642
   1.0194207   1.0219642
   1.0194207   1.0219642
   1.0194207   1.0219642
   1.0194207   1.0219642
   1.0194207   1.0219642
   1.0194207   1.0219642
   1.0194207   1.0219642
   1.0194207   1.0219642
   1.0194207   1.0219642
   1.0194207   1.0219642
   1.0194207   1.0219642
   1.0194207   1.0219642
   1.0194207   1.0219642
   1.0194207   1.0219642
   1.0194207   1.0219642
   1.0194207   1.0219642
   1.0194207   1.0219642
   1.0194207   1.0219642
   1.0194207   1.0219642
   1.0194207   1.0219642
   1.0194207   1.0219642
   1.0194207   1.0219642
   1.0194207   1.0219642
   1.0194207   1.0219642
   1.0194207   1.0219642
   1.0194207   1.0219642
   1.0194207   1.0219642
   1.0194207   1.0219642
   1.0194207   1.0219642
   1.0194207   1.0219642
   1.0194207   1.0219642
   1.0194207   1.0219642
   1.0194207   1.0219642
   1.0194207   1.0219642
   1.0194207   1.0219642
   1.0194207   1.0219642
   1.0194207   1.0219642
   1.0194207   1.0219642
   1.0194207   1.0219642
   1.0194207   1.0219642
   1.0194207   1.0219642
   1.0194207   1.0219642
   1.0194207   1.0219642
   1.0194207   1.0219642
   1.0194207   1.0219642
   1.0194207   1.0219642
   1.0194207   1.0219642
   1.0194207   1.0219642
   1.0194207   1.0219642
   1.0194207   1.0219642
   1.0194207   1.0219642
   1.0194207   1.0219642
   1.0194207   1.0219642
   1.0194207   1.0219642
   1.0194207   1.0219642
   1.0194207   1.0219642
   1.0194207   1.0219642
   1.0194207   1.0219642
   1.0194207   1.0219642
   1.0194207   1.0219642
   1.0194207   1.0219642
   1.0194207   1.0219642
   1.0194207   1.0219642
   1.0194207   1.0219642
   1.0194207   1.0219642
   1.0194207   1.0219642
   1.0194027   1.0219642
   1.0193797   1.0219642
   1.0193568   1.0219642
   1.0193341   1.0219642
   1.0193115   1.0219642
   1.0192890   1.0219642
   1.0192667   1.0219642
   1.0192445   1.0219642
   1.0192225   1.0219642
   1.0192006   1.0219642
   1.0191789   1.0219642
   1.0191573   1.0219642
   1.0191358   1.0219642
   1.0191145   1.0219642
   1.0190933   1.0219642
   1.0190722   1.0219642
   1.0190485   1.0219642
   1.0190236   1.0219642
   1.0189991   1.0219642
   1.0189749   1.0219642
   1.0189510   1.0219642
   1.0189275   1.0219642
   1.0189043   1.0219642
   1.0188815   1.0219642
   1.0188590   1.0219642
   1.0188369   1.0219642
   1.0188151   1.0219642
   1.0187937   1.0219642
   1.0187727   1.0219642
   1.0187520   1.0219642
   1.0187316   1.0219642
   1.0187116   1.0219642
   1.0186919   1.0219642
   1.0186725   1.0219642
   1.0186535   1.0219642
   1.0186347   1.0219642
   1.0186162   1.0219642
   1.0185979   1.0219642
   1.0185799   1.0219642
   1.0185622   1.0219642
   1.0185446   1.0219642
   1.0185272   1.0219642
   1.0185100   1.0219642
   1.0184930   1.0219642
   1.0184761   1.0219642
   1.0184594   1.0219642
   1.0184414   1.0219642
   1.0184200   1.0219642
   1.0183987   1.0219642
   1.0183737   1.0219642
   1.0183488   1.0219642
   1.0183241   1.0219642
   1.0182997   1.0219642
   1.0182754   1.0219642
   1.0182515   1.0219642
   1.0182278   1.0219642
   1.0182044   1.0219642
   1.0181813   1.0219642
   1.0181585   1.0219642
   1.0181361   1.0219642
   1.0181139   1.0219642
   1.0180920   1.0219642
   1.0180705   1.0219642
   1.0180493   1.0219642
   1.0180285   1.0219642
   1.0180079   1.0219642
   1.0179877   1.0219642
   1.0179679   1.0219642
   1.0179483   1.0219642
   1.0179290   1.0219642
   1.0179101   1.0219642
   1.0178915   1.0219642
   1.0178720   1.0219642
   1.0178517   1.0219642
   1.0178316   1.0219642
   1.0178117   1.0219642
   1.0177918   1.0219642
   1.0177722   1.0219642
   1.0177527   1.0219642
   1.0177333   1.0219642
   1.0177141   1.0219642
   1.0176950   1.0219642
   1.0176761   1.0219642
   1.0176574   1.0219642
   1.0176388   1.0219642
   1.0176203   1.0219642
   1.0176020   1.0219642
   1.0175839   1.0219642
   1.0175659   1.0219642
   1.0175481   1.0219642
   1.0175304   1.0219642
   1.0175128   1.0219642
   1.0174955   1.0219642
   1.0174782   1.0219642
   1.0174611   1.0219642
   1.0174442   1.0219642
   1.0174220   1.0219642
   1.0173996   1.0219642
   1.0173718   1.0219642
   1.0173416   1.0219642
   1.0173120   1.0219642
   1.0172833   1.0219642
   1.0172553   1.0219642
   1.0172282   1.0219642
   1.0172019   1.0219642
   1.0171766   1.0219642
   1.0171522   1.0219642
   1.0171288   1.0219642
   1.0171063   1.0219642
   1.0170848   1.0219642
   1.0170643   1.0219642
   1.0170447   1.0219642
   1.0170260   1.0219642
   1.0170082   1.0219642
   1.0169913   1.0219642
   1.0169751   1.0219642
   1.0169598   1.0219642
   1.0169451   1.0219642
   1.0169232   1.0219642
   1.0169003   1.0219642
   1.0168777   1.0219642
   1.0168554   1.0219642
   1.0168335   1.0219642
   1.0168118   1.0219642
   1.0167905   1.0219642
   1.0167695   1.0219642
   1.0167451   1.0219642
   1.0167167   1.0219642
   1.0166891   1.0219642
   1.0166622   1.0219642
   1.0166360   1.0219642
   1.0166106   1.0219642
   1.0165861   1.0219642
   1.0165623   1.0219642
   1.0165395   1.0219642
   1.0165176   1.0219642
   1.0164965   1.0219642
   1.0164764   1.0219642
   1.0164440   1.0219642
   1.0164021   1.0219642
   1.0163601   1.0219642
   1.0163182   1.0219642
   1.0162763   1.0219642
   1.0162348   1.0219642
   1.0161939   1.0219642
   1.0161537   1.0219642
   1.0161146   1.0219642
   1.0160768   1.0219642
   1.0160405   1.0219642
   1.0160061   1.0219642
   1.0159739   1.0219642
   1.0159441   1.0219642
   1.0159172   1.0219642
   1.0158933   1.0219642
   1.0158727   1.0219642
   1.0158555   1.0219642
   1.0158417   1.0219642
   1.0158315   1.0219642
   1.0158248   1.0219642
   1.0158216   1.0219642
   1.0158216   1.0219642
   1.0158216   1.0219642
   1.0158216   1.0219642
   1.0158216   1.0219642
   1.0158216   1.0219642
   1.0158216   1.0219642
   1.0158216   1.0219642
   1.0158216   1.0219642
   1.0158216   1.0219642
   1.0158216   1.0219642
   1.0158216   1.0219642
   1.0158216   1.0219642
   1.0158216   1.0219642
   1.0158174   1.0219642
   1.0158039   1.0219642
   1.0157882   1.0219642
   1.0157705   1.0219642
   1.0157538   1.0219642
   1.0157380   1.0219642
   1.0157231   1.0219642
   1.0157041   1.0219642
   1.0156852   1.0219642
   1.0156646   1.0219642
   1.0156440   1.0219642
   1.0156235   1.0219642
   1.0156033   1.0219642
   1.0155834   1.0219642
   1.0155637   1.0219642
   1.0155443   1.0219642
   1.0155253   1.0219642
   1.0155065   1.0219642
   1.0154881   1.0219642
   1.0154701   1.0219642
   1.0154524   1.0219642
   1.0154351   1.0219642
   1.0154165   1.0219642
   1.0153979   1.0219642
   1.0153796   1.0219642
   1.0153617   1.0219642
   1.0153441   1.0219642
   1.0153269   1.0219642
   1.0153101   1.0219642
   1.0152937   1.0219642
   1.0152776   1.0219642
   1.0152620   1.0219642
   1.0152468   1.0219642
   1.0152320   1.0219642
   1.0152176   1.0219642
   1.0152037   1.0219642
   1.0151901   1.0219642
   1.0151770   1.0219642
   1.0151643   1.0219642
   1.0151521   1.0219642
   1.0151402   1.0219642
   1.0151287   1.0219642
   1.0151176   1.0219642
   1.0151069   1.0219642
   1.0150966   1.0219642
   1.0150866   1.0219642
   1.0150770   1.0219642
   1.0150676   1.0219642
   1.0150586   1.0219642
   1.0150499   1.0219642
   1.0150388   1.0219642
   1.0150274   1.0219642
   1.0150163   1.0219642
   1.0150054   1.0219642
   1.0149947   1.0219642
   1.0149842   1.0219642
   1.0149740   1.0219642
   1.0149641   1.0219642
   1.0149543   1.0219642
   1.0149441   1.0219642
   1.0149332   1.0219642
   1.0148924   1.0219642
   1.0148507   1.0219642
   1.0148090   1.0219642
   1.0147673   1.0219642
   1.0147257   1.0219642
   1.0146841   1.0219642
   1.0146426   1.0219642
   1.0146012   1.0219642
   1.0145599   1.0219642
   1.0145187   1.0219642
   1.0144776   1.0219642
   1.0144367   1.0219642
   1.0143959   1.0219642
   1.0143552   1.0219642
   1.0143147   1.0219642
   1.0142744   1.0219642
   1.0142341   1.0219642
   1.0141941   1.0219642
   1.0141541   1.0219642
   1.0141142   1.0219642
   1.0140749   1.0219642
   1.0140384   1.0219642
   1.0140065   1.0219642
   1.0139805   1.0219642
   1.0139616   1.0219642
   1.0139505   1.0219642
   1.0139482   1.0219642
   1.0139482   1.0219642
   1.0139482   1.0219642
   1.0139482   1.0219642
   1.0139482   1.0219642
   1.0139482   1.0219642
   1.0139482   1.0219642
   1.0139482   1.0219642
   1.0139482   1.0219642
   1.0139226   1.0219642
   1.0138807   1.0219642
   1.0138388   1.0219642
   1.0137969   1.0219642
   1.0137550   1.0219642
   1.0137131   1.0219642
   1.0136712   1.0219642
   1.0136293   1.0219642
   1.0135874   1.0219642
   1.0135455   1.0219642
   1.0135036   1.0219642
   1.0134617   1.0219642
   1.0134198   1.0219642
   1.0133779   1.0219642
   1.0133360   1.0219642
   1.0132941   1.0219642
   1.0132524   1.0219642
   1.0132110   1.0219642
   1.0131703   1.0219642
   1.0131303   1.0219642
   1.0130915   1.0219642
   1.0130543   1.0219642
   1.0130195   1.0219642
   1.0129879   1.0219642
   1.0129603   1.0219642
   1.0129373   1.0219642
   1.0129196   1.0219642
   1.0129077   1.0219642
   1.0129019   1.0219642
   1.0129019   1.0219642
   1.0129019   1.0219642
   1.0129019   1.0219642
   1.0129019   1.0219642
   1.0129019   1.0219642
   1.0129019   1.0219642
   1.0129019   1.0219642
   1.0129019   1.0219642
   1.0129019   1.0219642
   1.0129019   1.0219642
   1.0129019   1.0219642
   1.0129019   1.0219642
   1.0129019   1.0219642
   1.0129019   1.0219642
   1.0129019   1.0219642
   1.0129019   1.0219642
   1.0129019   1.0219642
   1.0129019   1.0219642
   1.0129019   1.0219642
   1.0129019   1.0219642
   1.0129019   1.0219642
   1.0129019   1.0219642
   1.0129019   1.0219642
   1.0129019   1.0219642
   1.0129019   1.0219642
   1.0129019   1.0219642
   1.0129019   1.0219642
   1.0129019   1.0219642
   1.0129019   1.0219642
   1.0129019   1.0219642
   1.0129019   1.0219642
   1.0129019   1.0219642
   1.0129019   1.0219642
   1.0129019   1.0219642
   1.0129019   1.0219642
   1.0129019   1.0219642
   1.0129019   1.0219642
   1.0129019   1.0219642
   1.0129019   1.0219642
   1.0129019   1.0219642
   1.0129019   1.0219642
   1.0129019   1.0219642
   1.0129019   1.0219642
   1.0129019   1.0219642
   1.0129019   1.0219642
   1.0129019   1.0219642
   1.0129019   1.0219642
   1.0129019   1.0219642
   1.0129019   1.0219642
   1.0129019   1.0219642
   1.0129019   1.0219642
   1.0129019   1.0219642
   1.0129019   1.0219642
   1.0129019   1.0219642
   1.0129019   1.0219642
   1.0129019   1.0219642
   1.0129019   1.0219642
   1.0129019   1.0219642
   1.0129019   1.0219642
   1.0129019   1.0219642
   1.0129019   1.0219642
   1.0129019   1.0219642
   1.0129019   1.0219642
   1.0129019   1.0219642
   1.0129019   1.0219642
   1.0129019   1.0219642
   1.0129019   1.0219642
   1.0129019   1.0219642
   1.0129019   1.0219642
   1.0129019   1.0219642
   1.0129019   1.0219642
   1.0129019   1.0219642
   1.0129019   1.0219642
   1.0129019   1.0219642
   1.0129019   1.0219642
   1.0129019   1.0219642
   1.0129019   1.0219642
   1.0129019   1.0219642
   1.0129019   1.0219642
   1.0129019   1.0219642
   1.0129019   1.0219642
   1.0129019   1.0219642
   1.0129019   1.0219642
   1.0129019   1.0219642
   1.0129019   1.0219642
   1.0129019   1.0219642
   1.0129019   1.0219642
   1.0129019   1.0219642
   1.0129019   1.0219642
   1.0129019   1.0219642
   1.0129019   1.0219642
   1.0129019   1.0219642
   1.0129019   1.0219642
   1.0129019   1.0219642
   1.0129019   1.0219642
   1.0129019   1.0219642
   1.0129019   1.0219642
   1.0129019   1.0219642
   1.0129019   1.0219642
   1.0129019   1.0219642
   1.0129019   1.0219642
   1.0129019   1.0219642
   1.0129019   1.0219642
   1.0129019   1.0219642
   1.0129019   1.0219642
   1.0129019   1.0219642
   1.0129019   1.0219642
   1.0129019   1.0219642
   1.0129019   1.0219642
   1.0129019   1.0219642
   1.0129019   1.0219642
   1.0129019   1.0219642
   1.0129019   1.0219642
   1.0129019   1.0219642
   1.0129019   1.0219642
   1.0129019   1.0219642
   1.0129019   1.0219642
   1.0129019   1.0219642
   1.0129019   1.0219642
   1.0129019   1.0219642
   1.0129019   1.0219642
   1.0129019   1.0219642
   1.0129019   1.0219642
   1.0129019   1.0219642
   1.0129019   1.0219642
   1.0129019   1.0219642
   1.0129019   1.0219642
   1.0129019   1.0219642
   1.0129019   1.0219642
   1.0129019   1.0219642
   1.0129019   1.0219642
   1.0129019   1.0219642
   1.0129019   1.0219642
   1.0129019   1.0219642
   1.0129019   1.0219642
   1.0129019   1.0219642
   1.0129019   1.0219642
   1.0129019   1.0219642
   1.0129019   1.0219642
   1.0129019   1.0219642
   1.0129019   1.0219642
   1.0129019   1.0219642
   1.0129019   1.0219642
   1.0129019   1.0219642
   1.0129019   1.0219642
   1.0129019   1.0219642
   1.0129019   1.0219642
   1.0129019   1.0219642
   1.0129019   1.0219642
   1.0129019   1.0219642
   1.0129019   1.0219642
   1.0129019   1.0219642
   1.0129019   1.0219642
   1.0129019   1.0219642
   1.0129019   1.0219642
   1.0129019   1.0219642
   1.0129019   1.0219642
   1.0129019   1.0219642
   1.0129019   1.0219642
   1.0129019   1.0219642
   1.0129019   1.0219642
   1.0129019   1.0219642
   1.0129019   1.0219642
   1.0129019   1.0219642
   1.0129019   1.0219642
   1.0129019   1.0219642
   1.0129019   1.0219642
   1.0129019   1.0219642
   1.0129019   1.0219642
   1.0129019   1.0219642
   1.0129019   1.0219642
   1.0129019   1.0219642
   1.0129019   1.0219642
   1.0129019   1.0219642
   1.0129019   1.0219642
   1.0129019   1.0219642
   1.0129019   1.0219642
   1.0129019   1.0219642
   1.0129019   1.0219642
   1.0129019   1.0219642
   1.0129019   1.0219642
   1.0129019   1.0219642
   1.0129019   1.0219642
   1.0129019   1.0219642
   1.0129019   1.0219642
   1.0129019   1.0219642
   1.0129019   1.0219642
   1.0129019   1.0219642
   1.0129019   1.0219642
   1.0129019   1.0219642
   1.0129019   1.0219642
   1.0129019   1.0219642
   1.0129019   1.0219642
   1.0129019   1.0219642
   1.0129019   1.0219642
   1.0129019   1.0219642
   1.0129019   1.0219642
   1.0129019   1.0219642
   1.0129019   1.0219642
   1.0129019   1.0219642
   1.0129019   1.0219642
   1.0129019   1.0219642
   1.0129019   1.0219642
   1.0129019   1.0219642
   1.0129019   1.0219642
   1.0129019   1.0219642
   1.0129019   1.0219642
   1.0129019   1.0219642
   1.0129019   1.0219642
   1.0129019   1.0219642
   1.0129019   1.0219642
   1.0129019   1.0219642
   1.0129019   1.0219642
   1.0129019   1.0219642
   1.0129019   1.0219642
   1.0129019   1.0219642
   1.0129019   1.0219642
   1.0129019   1.0219642
   1.0129019   1.0219642
   1.0129019   1.0219642
   1.0129019   1.0219642
   1.0129019   1.0219642
   1.0129019   1.0219642
   1.0129019   1.0219642
   1.0129019   1.0219642
   1.0129019   1.0219642
   1.0129019   1.0219642
   1.0129019   1.0219642
   1.0129019   1.0219642
   1.0129019   1.0219642
   1.0129019   1.0219642
   1.0129019   1.0219642
   1.0129019   1.0219642
   1.0129019   1.0219642
   1.0129019   1.0219642
   1.0129019   1.0219642
   1.0129019   1.0219642
   1.0129019   1.0219642
   1.0129019   1.0219642
   1.0129019   1.0219642
   1.0129019   1.0219642
   1.0129019   1.0219642
   1.0129019   1.0219642
   1.0129019   1.0219642
   1.0129019   1.0219642
   1.0129019   1.0219642
   1.0129019   1.0219642
   1.0129019   1.0219642
   1.0129019   1.0219642
   1.0129019   1.0219642
   1.0129019   1.0219642
   1.0129019   1.0219642
   1.0129019   1.0219642
   1.0129019   1.0219642
   1.0129019   1.0219642
   1.0129019   1.0219642
   1.0129019   1.0219642
   1.0129019   1.0219642
   1.0129019   1.0219642
   1.0129019   1.0219642
   1.0129019   1.0219642
   1.0129019   1.0219642
   1.0129019   1.0219642
   1.0129019   1.0219642
   1.0129019   1.0219642
   1.0129019   1.0219642
   1.0129019   1.0219642
   1.0129019   1.0219642
   1.0129019   1.0219642
   1.0129019   1.0219642
   1.0129019   1.0219642
   1.0129019   1.0219642
   1.0129019   1.0219642
   1.0129019   1.0219642
   1.0129019   1.0219642
   1.0129019   1.0219642
   1.0129019   1.0219642
   1.0129019   1.0219642
   1.0129019   1.0219642
   1.0129019   1.0219642
   1.0129019   1.0219642
   1.0129019   1.0219642
   1.0129019   1.0219642
   1.0129019   1.0219642
   1.0129019   1.0219642
   1.0129019   1.0219642
   1.0129019   1.0219642
   1.0129019   1.0219642
   1.0129019   1.0219642
   1.0129019   1.0219642
   1.0129019   1.0219642
   1.0129019   1.0219642
   1.0129019   1.0219642
   1.0129019   1.0219642
   1.0129019   1.0219642
   1.0129019   1.0219642
   1.0129019   1.0219642
   1.0129019   1.0219642
   1.0129019   1.0219642
   1.0129019   1.0219642
   1.0129019   1.0219642
   1.0129019   1.0219743
   1.0129019   1.0220086
   1.0129019   1.0220438
   1.0129019   1.0220790
   1.0129019   1.0221133
   1.0129019   1.0221467
   1.0129019   1.0221791
   1.0129019   1.0222104
   1.0129019   1.0222406
   1.0129019   1.0222696
   1.0129019   1.0222974
   1.0129019   1.0223240
   1.0129019   1.0223492
   1.0129019   1.0223732
   1.0129019   1.0223957
   1.0129019   1.0224169
   1.0129019   1.0224367
   1.0129019   1.0224551
   1.0129019   1.0224720
   1.0129019   1.0224875
   1.0129019   1.0225015
   1.0129019   1.0225140
   1.0129019   1.0225251
   1.0129019   1.0225347
   1.0129019   1.0225429
   1.0129019   1.0225497
   1.0129019   1.0225550
   1.0129019   1.0225589
   1.0129019   1.0225615
   1.0129019   1.0225627
   1.0129019   1.0225651
   1.0129019   1.0225674
   1.0129019   1.0225686
   1.0129019   1.0225687
   1.0129019   1.0225726
   1.0129019   1.0226110
   1.0129019   1.0226491
   1.0129019   1.0226869
   1.0129019   1.0227243
   1.0129019   1.0227614
   1.0129019   1.0227991
   1.0129019   1.0228387
   1.0129019   1.0228777
   1.0129019   1.0229161
   1.0129019   1.0229538
   1.0129019   1.0229905
   1.0129019   1.0230262
   1.0129019   1.0230598
   1.0129019   1.0230934
   1.0129019   1.0231294
   1.0129019   1.0231682
   1.0129019   1.0232075
   1.0129019   1.0232460
   1.0129019   1.0232836
   1.0129019   1.0233201
   1.0129019   1.0233555
   1.0129019   1.0233896
   1.0129019   1.0234224
   1.0129019   1.0234539
   1.0129019   1.0234841
   1.0129019   1.0235128
   1.0129019   1.0235402
   1.0129019   1.0235663
   1.0129019   1.0235909
   1.0129019   1.0236142
   1.0129019   1.0236383
   1.0129019   1.0236794
   1.0129019   1.0237206
   1.0129019   1.0237618
   1.0129019   1.0238029
   1.0129019   1.0238438
   1.0129019   1.0238841
   1.0129019   1.0239237
   1.0129019   1.0239624
   1.0129019   1.0240001
   1.0129019   1.0240365
   1.0129019   1.0240712
   1.0129019   1.0241040
   1.0129019   1.0241343
   1.0129019   1.0241619
   1.0129019   1.0241864
   1.0129019   1.0242076
   1.0129019   1.0242252
   1.0129019   1.0242387
   1.0129019   1.0242480
   1.0129019   1.0242530
   1.0129019   1.0242541
   1.0129019   1.0242541
   1.0129019   1.0242541
   1.0129019   1.0242541
   1.0129019   1.0242541
   1.0129019   1.0242541
   1.0129019   1.0242809
   1.0129019   1.0243204
   1.0129019   1.0243594
   1.0129019   1.0243980
   1.0129019   1.0244360
   1.0129019   1.0244734
   1.0129019   1.0245102
   1.0129019   1.0245462
   1.0129019   1.0245815
   1.0129019   1.0246160
   1.0129019   1.0246497
   1.0129019   1.0246825
   1.0129019   1.0247144
   1.0129019   1.0247455
   1.0129019   1.0247756
   1.0129019   1.0248048
   1.0129019   1.0248331
   1.0129019   1.0248605
   1.0129019   1.0248869
   1.0129019   1.0249124
   1.0129019   1.0249370
   1.0129019   1.0249607
   1.0129019   1.0249835
   1.0129019   1.0250055
   1.0129019   1.0250267
   1.0129019   1.0250470
   1.0129019   1.0250667
   1.0129019   1.0250856
   1.0129019   1.0251039
   1.0129019   1.0251216
   1.0129019   1.0251387
   1.0129019   1.0251553
   1.0129019   1.0251714
   1.0129019   1.0251872
   1.0129019   1.0252026
   1.0129019   1.0252249
   1.0129019   1.0252578
   1.0129019   1.0252903
