   1.0200000   1.0200000
   1.0200000   1.0200000
   1.0200000   1.0200000
   1.0200000   1.0200000
   1.0199999   1.0200000
   1.0199999   1.0200000
   1.0199999   1.0200000
   1.0199999   1.0200000
   1.0199998   1.0200000
   1.0199998   1.0200000
   1.0199997   1.0200000
   1.0199997   1.0200000
   1.0199996   1.0200000
   1.0199996   1.0200000
   1.0199995   1.0200000
   1.0199995   1.0200000
   1.0199994   1.0200000
   1.0199993   1.0200000
   1.0199992   1.0200000
   1.0199991   1.0200000
   1.0199991   1.0200000
   1.0199990   1.0200000
   1.0199989   1.0200000
   1.0199988   1.0200000
   1.0199987   1.0200000
   1.0199986   1.0200000
   1.0199985   1.0200000
   1.0199983   1.0200000
   1.0199982   1.0200000
   1.0199981   1.0200000
   1.0199980   1.0200000
   1.0199978   1.0200000
   1.0199977   1.0200000
   1.0199975   1.0200000
   1.0199974   1.0200000
   1.0199972   1.0200000
   1.0199971   1.0200000
   1.0199969   1.0200000
   1.0199967   1.0200000
   1.0199966   1.0200000
   1.0199964   1.0200000
   1.0199962   1.0200000
   1.0199960   1.0200000
   1.0199958   1.0200000
   1.0199956   1.0200000
   1.0199954   1.0200000
   1.0199952   1.0200000
   1.0199950   1.0200000
   1.0199948   1.0200000
   1.0199946   1.0200000
   1.0199944   1.0200000
   1.0199941   1.0200000
   1.0199939   1.0200000
   1.0199937   1.0200000
   1.0199934   1.0200000
   1.0199932   1.0200000
   1.0199929   1.0200000
   1.0199927   1.0200000
   1.0199924   1.0200000
   1.0199921   1.0200000
   1.0199918   1.0200000
   1.0199916   1.0200000
   1.0199913   1.0200000
   1.0199910   1.0200000
   1.0199907   1.0200000
   1.0199904   1.0200000
   1.0199901   1.0200000
   1.0199898   1.0200000
   1.0199895   1.0200000
   1.0199891   1.0200000
   1.0199888   1.0200000
   1.0199885   1.0200000
   1.0199881   1.0200000
   1.0199878   1.0200000
   1.0199875   1.0200000
   1.0199871   1.0200000
   1.0199867   1.0200000
   1.0199864   1.0200000
   1.0199860   1.0200000
   1.0199856   1.0200000
   1.0199852   1.0200000
   1.0199849   1.0200000
   1.0199845   1.0200000
   1.0199841   1.0200000
   1.0199837   1.0200000
   1.0199833   1.0200000
   1.0199828   1.0200000
   1.0199824   1.0200000
   1.0199820   1.0200000
   1.0199816   1.0200000
   1.0199811   1.0200000
   1.0199807   1.0200000
   1.0199802   1.0200000
   1.0199798   1.0200000
   1.0199793   1.0200000
   1.0199788   1.0200000
   1.0199784   1.0200000
   1.0199779   1.0200000
   1.0199774   1.0200000
   1.0199769   1.0200000
   1.0199764   1.0200000
   1.0199759   1.0200000
   1.0199754   1.0200000
   1.0199749   1.0200000
   1.0199743   1.0200000
   1.0199738   1.0200000
   1.0199733   1.0200000
   1.0199727   1.0200000
   1.0199722   1.0200000
   1.0199716   1.0200000
   1.0199711   1.0200000
   1.0199705   1.0200000
   1.0199699   1.0200000
   1.0199694   1.0200000
   1.0199688   1.0200000
   1.0199682   1.0200000
   1.0199676   1.0200000
   1.0199670   1.0200000
   1.0199664   1.0200000
   1.0199657   1.0200000
   1.0199651   1.0200000
   1.0199645   1.0200000
   1.0199639   1.0200000
   1.0199632   1.0200000
   1.0199626   1.0200000
   1.0199619   1.0200000
   1.0199612   1.0200000
   1.0199606   1.0200000
   1.0199599   1.0200000
   1.0199592   1.0200000
   1.0199585   1.0200000
   1.0199578   1.0200000
   1.0199571   1.0200000
   1.0199564   1.0200000
   1.0199557   1.0200000
   1.0199549   1.0200000
   1.0199542   1.0200000
   1.0199535   1.0200000
   1.0199527   1.0200000
   1.0199520   1.0200000
   1.0199512   1.0200000
   1.0199504   1.0200000
   1.0199497   1.0200000
   1.0199489   1.0200000
   1.0199481   1.0200000
   1.0199473   1.0200000
   1.0199465   1.0200000
   1.0199457   1.0200000
   1.0199448   1.0200000
   1.0199440   1.0200000
   1.0199432   1.0200000
   1.0199423   1.0200000
   1.0199415   1.0200000
   1.0199406   1.0200000
   1.0199398   1.0200000
   1.0199389   1.0200000
   1.0199380   1.0200000
   1.0199371   1.0200000
   1.0199362   1.0200000
   1.0199353   1.0200000
   1.0199344   1.0200000
   1.0199335   1.0200000
   1.0199325   1.0200000
   1.0199316   1.0200000
   1.0199307   1.0200000
   1.0199297   1.0200000
   1.0199287   1.0200000
   1.0199278   1.0200000
   1.0199268   1.0200000
   1.0199258   1.0200000
   1.0199248   1.0200000
   1.0199238   1.0200000
   1.0199228   1.0200000
   1.0199218   1.0200000
   1.0199208   1.0200000
   1.0199197   1.0200000
   1.0199187   1.0200000
   1.0199176   1.0200000
   1.0199166   1.0200000
   1.0199155   1.0200000
   1.0199144   1.0200000
   1.0199134   1.0200000
   1.0199123   1.0200000
   1.0199112   1.0200000
   1.0199100   1.0200000
   1.0199089   1.0200000
   1.0199078   1.0200000
   1.0199066   1.0200000
   1.0199055   1.0200000
   1.0199043   1.0200000
   1.0199032   1.0200000
   1.0199020   1.0200000
   1.0199008   1.0200000
   1.0198996   1.0200000
   1.0198984   1.0200000
   1.0198972   1.0200000
   1.0198960   1.0200000
   1.0198947   1.0200000
   1.0198935   1.0200000
   1.0198923   1.0200000
   1.0198910   1.0200000
   1.0198897   1.0200000
   1.0198884   1.0200000
   1.0198872   1.0200000
   1.0198859   1.0200000
   1.0198846   1.0200000
   1.0198832   1.0200000
   1.0198819   1.0200000
   1.0198806   1.0200000
   1.0198792   1.0200000
   1.0198779   1.0200000
   1.0198765   1.0200000
   1.0198751   1.0200000
   1.0198738   1.0200000
   1.0198724   1.0200000
   1.0198710   1.0200000
   1.0198696   1.0200000
   1.0198681   1.0200000
   1.0198667   1.0200000
   1.0198653   1.0200000
   1.0198638   1.0200000
   1.0198624   1.0200000
   1.0198609   1.0200000
   1.0198594   1.0200000
   1.0198579   1.0200000
   1.0198564   1.0200000
   1.0198549   1.0200000
   1.0198533   1.0200000
   1.0198518   1.0200000
   1.0198503   1.0200000
   1.0198487   1.0200000
   1.0198471   1.0200000
   1.0198455   1.0200000
   1.0198440   1.0200000
   1.0198423   1.0200000
   1.0198407   1.0200000
   1.0198391   1.0200000
   1.0198374   1.0200000
   1.0198358   1.0200000
   1.0198341   1.0200000
   1.0198324   1.0200000
   1.0198308   1.0200000
   1.0198291   1.0200000
   1.0198273   1.0200000
   1.0198256   1.0200000
   1.0198239   1.0200000
   1.0198221   1.0200000
   1.0198204   1.0200000
   1.0198186   1.0200000
   1.0198168   1.0200000
   1.0198150   1.0200000
   1.0198132   1.0200000
   1.0198114   1.0200000
   1.0198096   1.0200000
   1.0198077   1.0200000
   1.0198059   1.0200000
   1.0198040   1.0200000
   1.0198022   1.0200000
   1.0198003   1.0200000
   1.0197984   1.0200000
   1.0197965   1.0200000
   1.0197945   1.0200000
   1.0197926   1.0200000
   1.0197907   1.0200000
   1.0197887   1.0200000
   1.0197867   1.0200000
   1.0197847   1.0200000
   1.0197828   1.0200000
   1.0197807   1.0200000
   1.0197787   1.0200000
   1.0197767   1.0200000
   1.0197747   1.0200000
   1.0197726   1.0200000
   1.0197705   1.0200000
   1.0197685   1.0200000
   1.0197664   1.0200000
   1.0197643   1.0200000
   1.0197622   1.0200000
   1.0197600   1.0200000
   1.0197579   1.0200000
   1.0197558   1.0200000
   1.0197536   1.0200000
   1.0197514   1.0200000
   1.0197492   1.0200000
   1.0197471   1.0200000
   1.0197449   1.0200000
   1.0197426   1.0200000
   1.0197404   1.0200000
   1.0197382   1.0200000
   1.0197359   1.0200000
   1.0197337   1.0200000
   1.0197314   1.0200000
   1.0197291   1.0200000
   1.0197268   1.0200000
   1.0197245   1.0200000
   1.0197222   1.0200000
   1.0197199   1.0200000
   1.0197176   1.0200000
   1.0197152   1.0200000
   1.0197129   1.0200000
   1.0197105   1.0200000
   1.0197082   1.0200000
   1.0197058   1.0200000
   1.0197034   1.0200000
   1.0197010   1.0200000
   1.0196986   1.0200000
   1.0196963   1.0200000
   1.0196938   1.0200000
   1.0196914   1.0200000
   1.0196890   1.0200000
   1.0196866   1.0200000
   1.0196842   1.0200000
   1.0196818   1.0200000
   1.0196793   1.0200000
   1.0196769   1.0200000
   1.0196745   1.0200000
   1.0196720   1.0200000
   1.0196696   1.0200000
   1.0196672   1.0200000
   1.0196647   1.0200000
   1.0196623   1.0200000
   1.0196599   1.0200000
   1.0196575   1.0200000
   1.0196551   1.0200000
   1.0196527   1.0200000
   1.0196502   1.0200000
   1.0196479   1.0200000
   1.0196455   1.0200000
   1.0196431   1.0200000
   1.0196406   1.0200000
   1.0196381   1.0200000
   1.0196356   1.0200000
   1.0196330   1.0200000
   1.0196305   1.0200000
   1.0196280   1.0200000
   1.0196254   1.0200000
   1.0196229   1.0200000
   1.0196204   1.0200000
   1.0196179   1.0200000
   1.0196154   1.0200000
   1.0196128   1.0200000
   1.0196103   1.0200000
   1.0196078   1.0200000
   1.0196053   1.0200000
   1.0196028   1.0200000
   1.0196003   1.0200000
   1.0195978   1.0200000
   1.0195953   1.0200000
   1.0195928   1.0200000
   1.0195904   1.0200000
   1.0195879   1.0200000
   1.0195854   1.0200000
   1.0195830   1.0200000
   1.0195805   1.0200000
   1.0195781   1.0200000
   1.0195756   1.0200000
   1.0195732   1.0200000
   1.0195708   1.0200000
   1.0195684   1.0200000
   1.0195660   1.0200000
   1.0195636   1.0200000
   1.0195613   1.0200000
   1.0195589   1.0200000
   1.0195566   1.0200000
   1.0195543   1.0200000
   1.0195520   1.0200000
   1.0195497   1.0200000
   1.0195474   1.0200000
   1.0195452   1.0200000
   1.0195430   1.0200000
   1.0195407   1.0200000
   1.0195385   1.0200000
   1.0195364   1.0200000
   1.0195342   1.0200000
   1.0195321   1.0200000
   1.0195299   1.0200000
   1.0195278   1.0200000
   1.0195258   1.0200000
   1.0195237   1.0200000
   1.0195217   1.0200000
   1.0195196   1.0200000
   1.0195176   1.0200000
   1.0195157   1.0200000
   1.0195137   1.0200000
   1.0195118   1.0200000
   1.0195099   1.0200000
   1.0195080   1.0200000
   1.0195062   1.0200000
   1.0195043   1.0200000
   1.0195025   1.0200000
   1.0195007   1.0200000
   1.0194990   1.0200000
   1.0194972   1.0200000
   1.0194955   1.0200000
   1.0194938   1.0200000
   1.0194922   1.0200000
   1.0194905   1.0200000
   1.0194889   1.0200000
   1.0194873   1.0200000
   1.0194858   1.0200000
   1.0194842   1.0200000
   1.0194827   1.0200000
   1.0194812   1.0200000
   1.0194798   1.0200000
   1.0194783   1.0200000
   1.0194769   1.0200000
   1.0194755   1.0200000
   1.0194741   1.0200000
   1.0194727   1.0200000
   1.0194714   1.0200000
   1.0194701   1.0200000
   1.0194688   1.0200000
   1.0194676   1.0200000
   1.0194663   1.0200000
   1.0194651   1.0200000
   1.0194639   1.0200000
   1.0194627   1.0200000
   1.0194616   1.0200000
   1.0194605   1.0200000
   1.0194594   1.0200000
   1.0194583   1.0200000
   1.0194572   1.0200000
   1.0194562   1.0200000
   1.0194552   1.0200000
   1.0194542   1.0200000
   1.0194532   1.0200000
   1.0194523   1.0200000
   1.0194513   1.0200000
   1.0194504   1.0200000
   1.0194495   1.0200000
   1.0194487   1.0200000
   1.0194478   1.0200000
   1.0194470   1.0200000
   1.0194462   1.0200000
   1.0194454   1.0200000
   1.0194446   1.0200000
   1.0194439   1.0200000
   1.0194432   1.0200000
   1.0194425   1.0200000
   1.0194418   1.0200000
   1.0194411   1.0200000
   1.0194405   1.0200000
   1.0194398   1.0200000
   1.0194392   1.0200000
   1.0194386   1.0200000
   1.0194381   1.0200000
   1.0194375   1.0200000
   1.0194370   1.0200000
   1.0194365   1.0200000
   1.0194360   1.0200000
   1.0194355   1.0200000
   1.0194350   1.0200000
   1.0194346   1.0200000
   1.0194314   1.0200000
   1.0194269   1.0200000
   1.0194237   1.0200000
   1.0194216   1.0200000
   1.0194207   1.0200000
   1.0194207   1.0200000
   1.0194207   1.0200000
   1.0194207   1.0200000
   1.0194207   1.0200000
   1.0194207   1.0200000
   1.0194207   1.0200000
   1.0194207   1.0200033
   1.0194207   1.0200074
   1.0194207   1.0200113
   1.0194207   1.0200151
   1.0194207   1.0200186
   1.0194207   1.0200219
   1.0194207   1.0200249
   1.0194207   1.0200277
   1.0194207   1.0200302
   1.0194207   1.0200323
   1.0194207   1.0200341
   1.0194207   1.0200356
   1.0194207   1.0200367
   1.0194207   1.0200374
   1.0194207   1.0200377
   1.0194207   1.0200377
   1.0194207   1.0200377
   1.0194207   1.0200377
   1.0194207   1.0200377
   1.0194207   1.0200377
   1.0194207   1.0200377
   1.0194207   1.0200377
   1.0194207   1.0200377
   1.0194207   1.0200377
   1.0194207   1.0200377
   1.0194207   1.0200377
   1.0194207   1.0200377
   1.0194207   1.0200377
   1.0194207   1.0200377
   1.0194207   1.0200377
   1.0194207   1.0200377
   1.0194207   1.0200377
   1.0194207   1.0200377
   1.0194207   1.0200377
   1.0194207   1.0200377
   1.0194207   1.0200377
   1.0194207   1.0200377
   1.0194207   1.0200377
   1.0194207   1.0200377
   1.0194207   1.0200377
   1.0194207   1.0200377
   1.0194207   1.0200382
   1.0194207   1.0200430
   1.0194207   1.0200474
   1.0194207   1.0200512
   1.0194207   1.0200545
   1.0194207   1.0200571
   1.0194207   1.0200592
   1.0194207   1.0200608
   1.0194207   1.0200617
   1.0194207   1.0200620
   1.0194207   1.0200621
   1.0194207   1.0200621
   1.0194207   1.0200621
   1.0194207   1.0200621
   1.0194207   1.0200621
   1.0194207   1.0200621
   1.0194207   1.0200621
   1.0194207   1.0200621
   1.0194207   1.0200621
   1.0194207   1.0200621
   1.0194207   1.0200621
   1.0194207   1.0200621
   1.0194207   1.0200621
   1.0194207   1.0200621
   1.0194207   1.0200621
   1.0194207   1.0200621
   1.0194207   1.0200621
   1.0194207   1.0200621
   1.0194207   1.0200621
   1.0194207   1.0200621
   1.0194207   1.0200621
   1.0194207   1.0200621
   1.0194207   1.0200621
   1.0194207   1.0200621
   1.0194207   1.0200621
   1.0194207   1.0200621
   1.0194207   1.0200621
   1.0194207   1.0200621
   1.0194207   1.0200621
   1.0194207   1.0200621
   1.0194207   1.0200621
   1.0194207   1.0200621
   1.0194207   1.0200621
   1.0194207   1.0200621
   1.0194207   1.0200621
   1.0194207   1.0200621
   1.0194207   1.0200621
   1.0194207   1.0200621
   1.0194207   1.0200621
   1.0194207   1.0200621
   1.0194207   1.0200621
   1.0194207   1.0200621
   1.0194207   1.0200621
   1.0194207   1.0200621
   1.0194207   1.0200621
   1.0194207   1.0200621
   1.0194207   1.0200621
   1.0194207   1.0200621
   1.0194207   1.0200621
   1.0194207   1.0200621
   1.0194207   1.0200621
   1.0194207   1.0200621
   1.0194207   1.0200621
   1.0194207   1.0200621
   1.0194207   1.0200621
   1.0194207   1.0200621
   1.0194207   1.0200621
   1.0194207   1.0200621
   1.0194207   1.0200621
   1.0194207   1.0200621
   1.0194207   1.0200621
   1.0194207   1.0200621
   1.0194207   1.0200621
   1.0194207   1.0200621
   1.0194207   1.0200621
   1.0194207   1.0200621
   1.0194207   1.0200621
   1.0194207   1.0200621
   1.0194207   1.0200621
   1.0194207   1.0200621
   1.0194207   1.0200621
   1.0194207   1.0200621
   1.0194207   1.0200621
   1.0194207   1.0200621
   1.0194207   1.0200621
   1.0194207   1.0200621
   1.0194207   1.0200621
   1.0194207   1.0200621
   1.0194207   1.0200621
   1.0194207   1.0200621
   1.0194207   1.0200621
   1.0194207   1.0200621
   1.0194207   1.0200621
   1.0194207   1.0200621
   1.0194207   1.0200621
   1.0194207   1.0200621
   1.0194207   1.0200621
   1.0194207   1.0200621
   1.0194207   1.0200621
   1.0194207   1.0200621
   1.0194207   1.0200621
   1.0194207   1.0200621
   1.0194207   1.0200621
   1.0194207   1.0200621
   1.0194207   1.0200621
   1.0194207   1.0200621
   1.0194207   1.0200621
   1.0194207   1.0200621
   1.0194207   1.0200621
   1.0194207   1.0200621
   1.0194207   1.0200621
   1.0194207   1.0200627
   1.0194207   1.0200627
   1.0194207   1.0200627
   1.0194207   1.0200627
   1.0194207   1.0200627
   1.0194207   1.0200627
   1.0194207   1.0200627
   1.0194207   1.0200627
   1.0194207   1.0200627
   1.0194207   1.0200733
   1.0194207   1.0201153
   1.0194207   1.0201573
   1.0194207   1.0201993
   1.0194207   1.0202413
   1.0194207   1.0202833
   1.0194207   1.0203253
   1.0194207   1.0203673
   1.0194207   1.0204093
   1.0194207   1.0204513
   1.0194207   1.0204933
   1.0194207   1.0205353
   1.0194207   1.0205773
   1.0194207   1.0206193
   1.0194207   1.0206613
   1.0194207   1.0207033
   1.0194207   1.0207446
   1.0194207   1.0207841
   1.0194207   1.0208210
   1.0194207   1.0208549
   1.0194207   1.0208851
   1.0194207   1.0209114
   1.0194207   1.0209333
   1.0194207   1.0209501
   1.0194207   1.0209613
   1.0194207   1.0209674
   1.0194207   1.0209676
   1.0194207   1.0209676
   1.0194207   1.0209676
   1.0194207   1.0209676
   1.0194207   1.0209676
   1.0194207   1.0209676
   1.0194207   1.0209676
   1.0194207   1.0209676
   1.0194207   1.0209676
   1.0194207   1.0209676
   1.0194207   1.0209676
   1.0194207   1.0209676
   1.0194207   1.0209676
   1.0194207   1.0209676
   1.0194207   1.0209676
   1.0194207   1.0209676
   1.0194207   1.0209676
   1.0194207   1.0209676
   1.0194207   1.0209676
   1.0194207   1.0209676
   1.0194207   1.0209676
   1.0194207   1.0209676
   1.0194207   1.0209676
   1.0194207   1.0209676
   1.0194207   1.0209676
   1.0194207   1.0209676
   1.0194207   1.0209676
   1.0194207   1.0209676
   1.0194207   1.0209676
   1.0194207   1.0209676
   1.0194207   1.0209676
   1.0194207   1.0209676
   1.0194207   1.0209676
   1.0194207   1.0209676
   1.0194207   1.0209676
   1.0194207   1.0209676
   1.0194207   1.0209676
   1.0194207   1.0209676
   1.0194207   1.0209676
   1.0194207   1.0209676
   1.0194207   1.0209676
   1.0194087   1.0209676
   1.0193890   1.0209676
   1.0193730   1.0209676
   1.0193609   1.0209676
   1.0193529   1.0209676
   1.0193492   1.0209676
   1.0193482   1.0209676
   1.0193482   1.0209676
   1.0193482   1.0209676
   1.0193482   1.0209676
   1.0193482   1.0209676
   1.0193482   1.0209676
   1.0193482   1.0209676
   1.0193482   1.0209676
   1.0193482   1.0209676
   1.0193482   1.0209676
   1.0193482   1.0209676
   1.0193482   1.0209676
   1.0193482   1.0209676
   1.0193482   1.0209676
   1.0193482   1.0209676
   1.0193482   1.0209676
   1.0193482   1.0209676
   1.0193482   1.0209676
   1.0193482   1.0209676
   1.0193482   1.0209676
   1.0193482   1.0209676
   1.0193482   1.0209676
   1.0193482   1.0209676
   1.0193482   1.0209676
   1.0193482   1.0209676
   1.0193482   1.0209676
   1.0193482   1.0209676
   1.0193482   1.0209676
   1.0193482   1.0209676
   1.0193482   1.0209676
   1.0193482   1.0209676
   1.0193482   1.0209676
   1.0193482   1.0209676
   1.0193482   1.0209676
   1.0193482   1.0209676
   1.0193482   1.0209676
   1.0193482   1.0209676
   1.0193482   1.0209676
   1.0193482   1.0209676
   1.0193482   1.0209676
   1.0193482   1.0209676
   1.0193482   1.0209676
   1.0193482   1.0209676
   1.0193482   1.0209676
   1.0193482   1.0209676
   1.0193482   1.0209676
   1.0193482   1.0209676
   1.0193482   1.0209676
   1.0193482   1.0209676
   1.0193482   1.0209676
   1.0193482   1.0209676
   1.0193482   1.0209676
   1.0193482   1.0209676
   1.0193482   1.0209676
   1.0193482   1.0209676
   1.0193482   1.0209676
   1.0193482   1.0209676
   1.0193482   1.0209676
   1.0193482   1.0209676
   1.0193482   1.0209676
   1.0193482   1.0209676
   1.0193482   1.0209676
   1.0193482   1.0209676
   1.0193482   1.0209676
   1.0193482   1.0209676
   1.0193482   1.0209676
   1.0193482   1.0209676
   1.0193482   1.0209676
   1.0193482   1.0209676
   1.0193482   1.0209676
   1.0193482   1.0209676
   1.0193482   1.0209676
   1.0193482   1.0209676
   1.0193482   1.0209676
   1.0193482   1.0209676
   1.0193482   1.0209676
   1.0193482   1.0209676
   1.0193482   1.0209676
   1.0193482   1.0209676
   1.0193482   1.0209676
   1.0193482   1.0209676
   1.0193482   1.0209676
   1.0193482   1.0209676
   1.0193482   1.0209676
   1.0193482   1.0209676
   1.0193482   1.0209771
   1.0193482   1.0210031
   1.0193482   1.0210257
   1.0193482   1.0210444
   1.0193482   1.0210588
   1.0193482   1.0210687
   1.0193482   1.0210738
   1.0193482   1.0210740
   1.0193482   1.0210740
   1.0193482   1.0210740
   1.0193482   1.0210740
   1.0193482   1.0210740
   1.0193482   1.0210740
   1.0193482   1.0210740
   1.0193482   1.0210740
   1.0193482   1.0210740
   1.0193482   1.0210740
   1.0193482   1.0210740
   1.0193482   1.0210740
   1.0193482   1.0210740
   1.0193482   1.0210740
   1.0193482   1.0210740
   1.0193482   1.0210740
   1.0193482   1.0210740
   1.0193482   1.0210740
   1.0193482   1.0210740
   1.0193482   1.0210740
   1.0193482   1.0210740
   1.0193482   1.0210740
   1.0193482   1.0210740
   1.0193482   1.0210740
   1.0193482   1.0210740
   1.0193482   1.0210740
   1.0193482   1.0210740
   1.0193482   1.0210740
   1.0193482   1.0210740
   1.0193482   1.0210740
   1.0193482   1.0210740
   1.0193482   1.0210740
   1.0193482   1.0210740
   1.0193482   1.0210740
   1.0193482   1.0210740
   1.0193482   1.0210740
   1.0193482   1.0210740
   1.0193482   1.0210740
   1.0193482   1.0210740
   1.0193482   1.0210740
   1.0193482   1.0210740
   1.0193482   1.0210740
   1.0193482   1.0210740
   1.0193482   1.0210740
   1.0193482   1.0210740
   1.0193482   1.0210740
   1.0193482   1.0210740
   1.0193482   1.0210740
   1.0193482   1.0210740
   1.0193482   1.0210740
   1.0193482   1.0210740
   1.0193482   1.0210740
   1.0193482   1.0210740
   1.0193482   1.0210740
   1.0193470   1.0210740
   1.0193353   1.0210740
   1.0193252   1.0210740
   1.0193165   1.0210740
   1.0193028   1.0210740
   1.0192714   1.0210740
   1.0192428   1.0210740
   1.0192172   1.0210740
   1.0191950   1.0210740
   1.0191762   1.0210740
   1.0191611   1.0210740
   1.0191498   1.0210740
   1.0191426   1.0210740
   1.0191394   1.0210740
   1.0191394   1.0210740
   1.0191394   1.0210740
   1.0191394   1.0210740
   1.0191394   1.0210740
   1.0191394   1.0210740
   1.0191394   1.0210740
   1.0191394   1.0210740
   1.0191394   1.0210740
   1.0191394   1.0210740
   1.0191394   1.0210740
   1.0191394   1.0210740
   1.0191394   1.0210740
   1.0191394   1.0210740
   1.0191394   1.0210740
   1.0191394   1.0210740
   1.0191394   1.0210740
   1.0191394   1.0210740
   1.0191394   1.0210740
   1.0191394   1.0210740
   1.0191394   1.0210740
   1.0191394   1.0210740
   1.0191394   1.0210740
   1.0191394   1.0210740
   1.0191394   1.0210740
   1.0191394   1.0210740
   1.0191394   1.0210740
   1.0191394   1.0210740
   1.0191394   1.0210740
   1.0191394   1.0210740
   1.0191394   1.0210740
   1.0191394   1.0210740
   1.0191394   1.0210740
   1.0191394   1.0210740
   1.0191394   1.0210740
   1.0191394   1.0210740
   1.0191394   1.0210881
   1.0191394   1.0211161
   1.0191394   1.0211388
   1.0191394   1.0211554
   1.0191394   1.0211654
   1.0191394   1.0211682
   1.0191394   1.0211682
   1.0191394   1.0211682
   1.0191394   1.0211682
   1.0191394   1.0211682
   1.0191394   1.0211682
   1.0191394   1.0211682
   1.0191394   1.0211682
   1.0191394   1.0211682
   1.0191394   1.0211682
   1.0191394   1.0211953
   1.0191394   1.0212343
   1.0191394   1.0212699
   1.0191394   1.0213011
   1.0191394   1.0213295
   1.0191394   1.0213690
   1.0191394   1.0214073
   1.0191394   1.0214440
   1.0191394   1.0214787
   1.0191394   1.0215112
   1.0191394   1.0215412
   1.0191394   1.0215683
   1.0191394   1.0215922
   1.0191394   1.0216128
   1.0191394   1.0216296
   1.0191394   1.0216425
   1.0191394   1.0216513
   1.0191394   1.0216557
   1.0191394   1.0216559
   1.0191394   1.0216559
   1.0191394   1.0216559
   1.0191394   1.0216559
   1.0191394   1.0216559
   1.0191394   1.0216559
   1.0191394   1.0216559
   1.0191394   1.0216559
   1.0191394   1.0216559
   1.0191394   1.0216559
   1.0191394   1.0216559
   1.0191394   1.0216559
   1.0191394   1.0216559
   1.0191394   1.0216559
   1.0191394   1.0216559
   1.0191394   1.0216559
   1.0191394   1.0216559
   1.0191394   1.0216559
   1.0191394   1.0216559
   1.0191394   1.0216559
   1.0191394   1.0216559
   1.0191394   1.0216559
   1.0191394   1.0216559
   1.0191394   1.0216559
   1.0191394   1.0216559
   1.0191394   1.0216559
   1.0191394   1.0216559
   1.0191394   1.0216559
   1.0191394   1.0216559
   1.0191394   1.0216559
   1.0191394   1.0216559
   1.0191394   1.0216559
   1.0191394   1.0216559
   1.0191394   1.0216559
   1.0191394   1.0216559
   1.0191394   1.0216559
   1.0191394   1.0216559
   1.0191394   1.0216559
   1.0191394   1.0216559
   1.0191394   1.0216559
   1.0191394   1.0216559
   1.0191394   1.0216559
   1.0191394   1.0216559
   1.0191394   1.0216559
   1.0191394   1.0216559
   1.0191149   1.0216559
   1.0190731   1.0216559
   1.0190314   1.0216559
   1.0189897   1.0216559
   1.0189481   1.0216559
   1.0189065   1.0216559
   1.0188651   1.0216559
   1.0188237   1.0216559
   1.0187824   1.0216559
   1.0187413   1.0216559
   1.0187002   1.0216559
   1.0186593   1.0216559
   1.0186185   1.0216559
   1.0185777   1.0216559
   1.0185374   1.0216559
   1.0185005   1.0216559
   1.0184686   1.0216559
   1.0184432   1.0216559
   1.0184248   1.0216559
   1.0184138   1.0216559
   1.0184105   1.0216559
   1.0184105   1.0216559
   1.0184105   1.0216559
   1.0184105   1.0216559
   1.0184105   1.0216559
   1.0184105   1.0216559
   1.0184105   1.0216559
   1.0184105   1.0216559
   1.0184105   1.0216559
   1.0184105   1.0216559
   1.0184105   1.0216559
   1.0184105   1.0216630
   1.0184105   1.0216699
   1.0184105   1.0216765
   1.0184105   1.0216859
   1.0184105   1.0216976
   1.0184105   1.0217087
   1.0184105   1.0217194
   1.0184105   1.0217294
   1.0184105   1.0217388
   1.0184105   1.0217476
   1.0184105   1.0217558
   1.0184105   1.0217633
   1.0184105   1.0217702
   1.0184105   1.0217764
   1.0184105   1.0217819
   1.0184105   1.0217867
   1.0184105   1.0217909
   1.0184105   1.0217945
   1.0184105   1.0217974
   1.0184105   1.0217997
   1.0184105   1.0218013
   1.0184105   1.0218024
   1.0184105   1.0218030
   1.0184105   1.0218094
   1.0184105   1.0218189
   1.0184105   1.0218275
   1.0184101   1.0218353
   1.0183974   1.0218422
   1.0183894   1.0218482
   1.0183858   1.0218533
   1.0183858   1.0218576
   1.0183858   1.0218609
   1.0183858   1.0218633
   1.0183858   1.0218649
   1.0183858   1.0218657
   1.0183858   1.0218657
   1.0183858   1.0218657
   1.0183858   1.0218657
   1.0183858   1.0218657
   1.0183858   1.0218657
   1.0183858   1.0218749
   1.0183858   1.0218909
   1.0183858   1.0219064
   1.0183858   1.0219213
   1.0183858   1.0219355
   1.0183858   1.0219489
   1.0183858   1.0219614
   1.0183858   1.0219731
   1.0183858   1.0219837
   1.0183858   1.0219934
   1.0183858   1.0220020
   1.0183858   1.0220095
   1.0183858   1.0220158
   1.0183858   1.0220210
   1.0183858   1.0220250
   1.0183858   1.0220278
   1.0183858   1.0220294
   1.0183858   1.0220298
   1.0183858   1.0220298
   1.0183858   1.0220298
   1.0183858   1.0220298
   1.0183858   1.0220298
   1.0183858   1.0220298
   1.0183858   1.0220298
   1.0183858   1.0220298
   1.0183858   1.0220298
   1.0183858   1.0220298
   1.0183858   1.0220298
   1.0183858   1.0220298
   1.0183858   1.0220298
   1.0183858   1.0220298
   1.0183858   1.0220298
   1.0183858   1.0220298
   1.0183858   1.0220298
   1.0183858   1.0220298
   1.0183858   1.0220298
   1.0183858   1.0220298
   1.0183858   1.0220298
   1.0183858   1.0220298
   1.0183858   1.0220298
   1.0183858   1.0220298
   1.0183858   1.0220298
   1.0183858   1.0220298
   1.0183858   1.0220298
   1.0183858   1.0220298
   1.0183858   1.0220298
   1.0183858   1.0220298
   1.0183858   1.0220298
   1.0183858   1.0220298
   1.0183858   1.0220298
   1.0183858   1.0220298
   1.0183858   1.0220298
   1.0183858   1.0220298
   1.0183858   1.0220298
   1.0183858   1.0220298
   1.0183858   1.0220298
   1.0183858   1.0220298
   1.0183858   1.0220298
   1.0183858   1.0220298
   1.0183858   1.0220298
   1.0183858   1.0220298
   1.0183858   1.0220298
   1.0183858   1.0220298
   1.0183858   1.0220298
   1.0183858   1.0220298
   1.0183858   1.0220298
   1.0183858   1.0220298
   1.0183858   1.0220298
   1.0183858   1.0220298
   1.0183858   1.0220298
   1.0183858   1.0220298
   1.0183858   1.0220298
   1.0183858   1.0220298
   1.0183858   1.0220298
   1.0183858   1.0220298
   1.0183858   1.0220298
   1.0183858   1.0220298
   1.0183858   1.0220298
   1.0183858   1.0220298
   1.0183858   1.0220298
   1.0183858   1.0220298
   1.0183858   1.0220298
   1.0183858   1.0220298
   1.0183858   1.0220298
   1.0183858   1.0220298
   1.0183858   1.0220298
   1.0183858   1.0220298
   1.0183858   1.0220298
   1.0183858   1.0220298
   1.0183858   1.0220298
   1.0183858   1.0220298
   1.0183858   1.0220298
   1.0183858   1.0220298
   1.0183858   1.0220298
   1.0183858   1.0220298
   1.0183858   1.0220298
   1.0183858   1.0220298
   1.0183858   1.0220298
   1.0183858   1.0220298
   1.0183858   1.0220298
   1.0183858   1.0220298
   1.0183858   1.0220298
   1.0183858   1.0220298
   1.0183858   1.0220298
   1.0183858   1.0220298
   1.0183858   1.0220298
   1.0183858   1.0220298
   1.0183858   1.0220298
   1.0183858   1.0220298
   1.0183858   1.0220298
   1.0183858   1.0220298
   1.0183478   1.0220298
   1.0183140   1.0220298
   1.0182877   1.0220298
   1.0182705   1.0220298
   1.0182632   1.0220298
   1.0182632   1.0220298
   1.0182632   1.0220298
   1.0182632   1.0220298
   1.0182632   1.0220298
   1.0182632   1.0220298
   1.0182632   1.0220298
   1.0182632   1.0220298
   1.0182632   1.0220298
   1.0182632   1.0220298
   1.0182632   1.0220298
   1.0182632   1.0220298
   1.0182632   1.0220298
   1.0182632   1.0220298
   1.0182632   1.0220298
   1.0182632   1.0220298
   1.0182632   1.0220298
   1.0182632   1.0220298
   1.0182632   1.0220298
   1.0182632   1.0220298
   1.0182632   1.0220298
   1.0182632   1.0220298
   1.0182632   1.0220298
   1.0182632   1.0220298
   1.0182632   1.0220298
   1.0182632   1.0220298
   1.0182632   1.0220298
   1.0182632   1.0220298
   1.0182632   1.0220298
   1.0182632   1.0220298
   1.0182632   1.0220298
   1.0182632   1.0220298
   1.0182632   1.0220298
   1.0182632   1.0220298
   1.0182632   1.0220298
   1.0182632   1.0220298
   1.0182632   1.0220298
   1.0182632   1.0220298
   1.0182632   1.0220298
   1.0182632   1.0220298
   1.0182632   1.0220298
   1.0182632   1.0220298
   1.0182632   1.0220298
   1.0182632   1.0220298
   1.0182632   1.0220298
   1.0182632   1.0220298
   1.0182632   1.0220298
   1.0182632   1.0220298
   1.0182632   1.0220298
   1.0182632   1.0220298
   1.0182632   1.0220298
   1.0182632   1.0220298
   1.0182632   1.0220298
   1.0182632   1.0220298
   1.0182632   1.0220298
   1.0182632   1.0220298
   1.0182632   1.0220298
   1.0182632   1.0220298
   1.0182632   1.0220298
   1.0182632   1.0220298
   1.0182632   1.0220298
   1.0182632   1.0220298
   1.0182632   1.0220298
   1.0182632   1.0220298
   1.0182632   1.0220298
   1.0182632   1.0220298
   1.0182632   1.0220298
   1.0182632   1.0220298
   1.0182632   1.0220298
   1.0182632   1.0220298
   1.0182632   1.0220298
   1.0182632   1.0220298
   1.0182632   1.0220298
   1.0182632   1.0220298
   1.0182632   1.0220298
   1.0182632   1.0220298
   1.0182632   1.0220298
   1.0182632   1.0220298
   1.0182632   1.0220298
   1.0182632   1.0220298
   1.0182632   1.0220298
   1.0182632   1.0220298
   1.0182632   1.0220298
   1.0182632   1.0220298
   1.0182632   1.0220298
   1.0182632   1.0220298
   1.0182632   1.0220298
   1.0182632   1.0220298
   1.0182632   1.0220298
   1.0182632   1.0220298
   1.0182632   1.0220298
   1.0182632   1.0220298
   1.0182632   1.0220298
   1.0182632   1.0220298
   1.0182632   1.0220298
   1.0182632   1.0220298
   1.0182632   1.0220298
   1.0182632   1.0220298
   1.0182632   1.0220298
   1.0182632   1.0220298
   1.0182632   1.0220298
   1.0182632   1.0220298
   1.0182632   1.0220298
   1.0182632   1.0220298
   1.0182632   1.0220298
   1.0182632   1.0220298
   1.0182632   1.0220298
   1.0182632   1.0220298
   1.0182632   1.0220298
   1.0182632   1.0220298
   1.0182632   1.0220298
   1.0182632   1.0220298
   1.0182632   1.0220298
   1.0182632   1.0220298
   1.0182632   1.0220298
   1.0182632   1.0220298
   1.0182632   1.0220298
   1.0182632   1.0220298
   1.0182632   1.0220298
   1.0182632   1.0220298
   1.0182632   1.0220298
   1.0182632   1.0220298
   1.0182632   1.0220298
   1.0182632   1.0220298
   1.0182632   1.0220298
   1.0182632   1.0220298
   1.0182632   1.0220298
   1.0182632   1.0220298
   1.0182632   1.0220298
   1.0182632   1.0220298
   1.0182632   1.0220298
   1.0182632   1.0220298
   1.0182632   1.0220298
   1.0182632   1.0220298
   1.0182632   1.0220298
   1.0182632   1.0220298
   1.0182632   1.0220298
   1.0182632   1.0220298
   1.0182632   1.0220298
   1.0182632   1.0220298
   1.0182632   1.0220298
   1.0182632   1.0220298
   1.0182632   1.0220298
   1.0182632   1.0220298
   1.0182632   1.0220298
   1.0182632   1.0220298
   1.0182632   1.0220298
   1.0182632   1.0220298
   1.0182632   1.0220298
   1.0182632   1.0220298
   1.0182632   1.0220298
   1.0182632   1.0220298
   1.0182632   1.0220298
   1.0182632   1.0220298
   1.0182632   1.0220298
   1.0182632   1.0220298
   1.0182632   1.0220298
   1.0182632   1.0220298
   1.0182632   1.0220298
   1.0182632   1.0220298
   1.0182632   1.0220298
   1.0182449   1.0220298
   1.0182125   1.0220298
   1.0181804   1.0220298
   1.0181486   1.0220298
   1.0181173   1.0220298
   1.0180863   1.0220298
   1.0180557   1.0220298
   1.0180255   1.0220298
   1.0179957   1.0220298
   1.0179663   1.0220298
   1.0179373   1.0220298
   1.0179088   1.0220298
   1.0178806   1.0220298
   1.0178529   1.0220298
   1.0178255   1.0220298
   1.0177986   1.0220298
   1.0177721   1.0220298
   1.0177461   1.0220298
   1.0177205   1.0220298
   1.0176925   1.0220298
   1.0176640   1.0220298
   1.0176364   1.0220298
   1.0176096   1.0220298
   1.0175836   1.0220298
   1.0175585   1.0220298
   1.0175343   1.0220298
   1.0175042   1.0220298
   1.0174722   1.0220298
   1.0174411   1.0220298
   1.0174107   1.0220298
   1.0173812   1.0220298
   1.0173526   1.0220298
   1.0173249   1.0220298
   1.0172982   1.0220298
   1.0172723   1.0220298
   1.0172475   1.0220298
   1.0172237   1.0220298
   1.0172009   1.0220298
   1.0171792   1.0220298
   1.0171585   1.0220298
   1.0171388   1.0220298
   1.0171203   1.0220298
   1.0171028   1.0220298
   1.0170865   1.0220298
   1.0170712   1.0220298
   1.0170570   1.0220298
   1.0170440   1.0220298
   1.0170303   1.0220298
   1.0170173   1.0220298
   1.0170053   1.0220298
   1.0169943   1.0220298
   1.0169844   1.0220298
   1.0169754   1.0220298
   1.0169674   1.0220298
   1.0169604   1.0220298
   1.0169544   1.0220298
   1.0169404   1.0220298
   1.0169136   1.0220298
   1.0168875   1.0220298
   1.0168624   1.0220298
   1.0168381   1.0220298
   1.0168147   1.0220298
   1.0167922   1.0220298
   1.0167706   1.0220298
   1.0167499   1.0220298
   1.0167302   1.0220298
   1.0167113   1.0220298
   1.0166934   1.0220298
   1.0166763   1.0220298
   1.0166601   1.0220298
   1.0166422   1.0220298
   1.0166057   1.0220298
   1.0165690   1.0220298
   1.0165329   1.0220298
   1.0164974   1.0220298
   1.0164626   1.0220298
   1.0164285   1.0220298
   1.0163951   1.0220298
   1.0163625   1.0220298
   1.0163306   1.0220298
   1.0162996   1.0220298
   1.0162693   1.0220298
   1.0162399   1.0220298
   1.0162112   1.0220298
   1.0161835   1.0220298
   1.0161566   1.0220298
   1.0161306   1.0220298
   1.0161055   1.0220298
   1.0160778   1.0220298
   1.0160508   1.0220298
   1.0160246   1.0220298
   1.0159992   1.0220298
   1.0159746   1.0220298
   1.0159507   1.0220298
   1.0159277   1.0220298
   1.0159054   1.0220298
   1.0158838   1.0220298
   1.0158617   1.0220298
   1.0158406   1.0220298
   1.0158206   1.0220298
   1.0158017   1.0220298
   1.0157840   1.0220298
   1.0157673   1.0220298
   1.0157518   1.0220298
   1.0157351   1.0220298
   1.0157190   1.0220298
   1.0157039   1.0220298
   1.0156899   1.0220298
   1.0156770   1.0220298
   1.0156395   1.0220298
   1.0156009   1.0220298
   1.0155637   1.0220298
   1.0155281   1.0220298
   1.0154945   1.0220298
   1.0154630   1.0220298
   1.0154340   1.0220298
   1.0154078   1.0220298
   1.0153847   1.0220298
   1.0153650   1.0220298
   1.0153488   1.0220298
   1.0153364   1.0220298
   1.0153279   1.0220298
   1.0153232   1.0220298
   1.0153226   1.0220298
   1.0153226   1.0220298
   1.0153226   1.0220298
   1.0153226   1.0220298
   1.0153226   1.0220298
   1.0153226   1.0220298
   1.0153226   1.0220298
   1.0153226   1.0220298
   1.0153226   1.0220298
   1.0153188   1.0220298
   1.0153016   1.0220298
   1.0152778   1.0220298
   1.0152551   1.0220298
   1.0152336   1.0220298
   1.0152133   1.0220298
   1.0151942   1.0220298
   1.0151764   1.0220298
   1.0151598   1.0220298
   1.0151445   1.0220298
   1.0151305   1.0220298
   1.0151178   1.0220298
   1.0151063   1.0220298
   1.0150962   1.0220298
   1.0150819   1.0220298
   1.0150647   1.0220298
   1.0150487   1.0220298
   1.0150339   1.0220298
   1.0150204   1.0220298
   1.0150082   1.0220298
   1.0149973   1.0220298
   1.0149876   1.0220298
   1.0149793   1.0220298
   1.0149723   1.0220298
   1.0149666   1.0220298
   1.0149623   1.0220298
   1.0149579   1.0220298
   1.0149540   1.0220298
   1.0149516   1.0220298
   1.0149506   1.0220298
   1.0149506   1.0220298
   1.0149506   1.0220298
   1.0149506   1.0220298
   1.0149506   1.0220298
   1.0149506   1.0220298
   1.0149506   1.0220298
   1.0149506   1.0220298
   1.0149506   1.0220298
   1.0149506   1.0220298
   1.0149328   1.0220298
   1.0149146   1.0220298
   1.0148866   1.0220298
   1.0148598   1.0220298
   1.0148341   1.0220298
   1.0148097   1.0220298
   1.0147865   1.0220298
   1.0147644   1.0220298
   1.0147436   1.0220298
   1.0147239   1.0220298
   1.0147054   1.0220298
   1.0146880   1.0220298
   1.0146679   1.0220298
   1.0146465   1.0220298
   1.0146264   1.0220298
   1.0146076   1.0220298
   1.0145902   1.0220298
   1.0145742   1.0220298
   1.0145598   1.0220298
   1.0145468   1.0220298
   1.0145353   1.0220298
   1.0145253   1.0220298
   1.0145168   1.0220298
   1.0145098   1.0220298
   1.0145042   1.0220298
   1.0145000   1.0220298
   1.0144972   1.0220298
   1.0144956   1.0220298
   1.0144953   1.0220298
   1.0144898   1.0220298
   1.0144817   1.0220298
   1.0144748   1.0220298
   1.0144691   1.0220298
   1.0144648   1.0220298
   1.0144618   1.0220298
   1.0144602   1.0220298
   1.0144600   1.0220298
   1.0144600   1.0220298
   1.0144361   1.0220298
   1.0144018   1.0220298
   1.0143681   1.0220298
   1.0143352   1.0220298
   1.0143032   1.0220298
   1.0142720   1.0220298
   1.0142416   1.0220298
   1.0142122   1.0220298
   1.0141837   1.0220298
   1.0141561   1.0220298
   1.0141294   1.0220298
   1.0141037   1.0220298
   1.0140789   1.0220298
   1.0140549   1.0220298
   1.0140319   1.0220298
   1.0140098   1.0220298
   1.0139885   1.0220298
   1.0139681   1.0220298
   1.0139485   1.0220298
   1.0139245   1.0220298
   1.0139006   1.0220298
   1.0138774   1.0220298
   1.0138548   1.0220298
   1.0138329   1.0220298
   1.0138118   1.0220298
   1.0137914   1.0220298
   1.0137718   1.0220298
   1.0137530   1.0220298
   1.0137350   1.0220298
   1.0137179   1.0220298
   1.0137017   1.0220298
   1.0136864   1.0220298
   1.0136720   1.0220298
   1.0136586   1.0220298
   1.0136460   1.0220298
   1.0136344   1.0220298
   1.0136238   1.0220298
   1.0136141   1.0220298
   1.0136054   1.0220298
   1.0135976   1.0220298
   1.0135908   1.0220298
   1.0135849   1.0220298
   1.0135800   1.0220298
   1.0135760   1.0220298
   1.0135729   1.0220298
   1.0135708   1.0220298
   1.0135695   1.0220298
   1.0135691   1.0220298
   1.0135691   1.0220298
   1.0135691   1.0220298
   1.0135691   1.0220298
   1.0135592   1.0220298
   1.0135407   1.0220298
   1.0135234   1.0220298
   1.0135075   1.0220298
   1.0134930   1.0220298
   1.0134798   1.0220298
   1.0134681   1.0220298
   1.0134579   1.0220298
   1.0134491   1.0220298
   1.0134419   1.0220298
   1.0134361   1.0220298
   1.0134320   1.0220298
   1.0134293   1.0220298
   1.0134282   1.0220298
   1.0134282   1.0220298
   1.0134282   1.0220298
   1.0134282   1.0220298
   1.0134282   1.0220298
   1.0134282   1.0220298
   1.0134282   1.0220298
   1.0134282   1.0220298
   1.0134282   1.0220298
   1.0134282   1.0220298
   1.0134282   1.0220298
   1.0134033   1.0220298
   1.0133772   1.0220298
   1.0133521   1.0220298
   1.0133280   1.0220298
   1.0133051   1.0220298
   1.0132833   1.0220298
   1.0132627   1.0220298
   1.0132432   1.0220298
   1.0132250   1.0220298
   1.0132080   1.0220298
   1.0131922   1.0220298
   1.0131777   1.0220298
   1.0131645   1.0220298
   1.0131526   1.0220298
   1.0131421   1.0220298
   1.0131137   1.0220298
   1.0130819   1.0220298
   1.0130508   1.0220298
   1.0130205   1.0220298
   1.0129911   1.0220298
   1.0129624   1.0220298
   1.0129346   1.0220298
   1.0129078   1.0220298
   1.0128818   1.0220298
   1.0128568   1.0220298
   1.0128328   1.0220298
   1.0128097   1.0220298
   1.0127875   1.0220298
   1.0127662   1.0220298
   1.0127457   1.0220298
   1.0127261   1.0220298
   1.0127074   1.0220298
   1.0126893   1.0220298
   1.0126720   1.0220298
   1.0126553   1.0220298
   1.0126392   1.0220298
   1.0126236   1.0220298
   1.0126084   1.0220298
   1.0125935   1.0220298
   1.0125788   1.0220298
   1.0125644   1.0220298
   1.0125502   1.0220298
   1.0125361   1.0220298
   1.0125222   1.0220298
   1.0125085   1.0220298
   1.0124949   1.0220298
   1.0124814   1.0220298
   1.0124680   1.0220298
   1.0124548   1.0220298
   1.0124417   1.0220298
   1.0124288   1.0220298
   1.0124159   1.0220298
   1.0124032   1.0220298
   1.0123907   1.0220298
   1.0123782   1.0220298
   1.0123659   1.0220298
   1.0123537   1.0220298
   1.0123417   1.0220298
   1.0123297   1.0220298
   1.0123179   1.0220298
   1.0123063   1.0220298
   1.0122949   1.0220298
   1.0122836   1.0220298
   1.0122725   1.0220298
   1.0122616   1.0220298
   1.0122510   1.0220298
   1.0122405   1.0220298
   1.0122302   1.0220298
   1.0122202   1.0220298
   1.0122104   1.0220298
   1.0122009   1.0220298
   1.0121929   1.0220298
   1.0121868   1.0220298
   1.0121827   1.0220298
   1.0121804   1.0220298
   1.0121800   1.0220298
   1.0121800   1.0220298
   1.0121800   1.0220298
   1.0121800   1.0220298
   1.0121800   1.0220298
   1.0121800   1.0220298
   1.0121800   1.0220298
   1.0121800   1.0220298
   1.0121800   1.0220298
   1.0121800   1.0220298
   1.0121800   1.0220298
   1.0121800   1.0220298
   1.0121800   1.0220298
   1.0121800   1.0220298
   1.0121800   1.0220298
   1.0121800   1.0220298
   1.0121800   1.0220298
   1.0121800   1.0220298
   1.0121800   1.0220298
   1.0121800   1.0220298
   1.0121800   1.0220298
   1.0121800   1.0220298
   1.0121800   1.0220298
   1.0121800   1.0220298
   1.0121800   1.0220298
   1.0121800   1.0220298
   1.0121800   1.0220298
   1.0121800   1.0220298
   1.0121800   1.0220298
   1.0121800   1.0220298
   1.0121800   1.0220298
   1.0121800   1.0220298
   1.0121800   1.0220298
   1.0121800   1.0220298
   1.0121800   1.0220298
   1.0121800   1.0220298
   1.0121800   1.0220298
   1.0121601   1.0220298
   1.0121361   1.0220298
   1.0121125   1.0220298
   1.0120892   1.0220298
   1.0120664   1.0220298
   1.0120438   1.0220298
   1.0120171   1.0220298
   1.0119885   1.0220298
   1.0119604   1.0220298
   1.0119326   1.0220298
   1.0119054   1.0220298
   1.0118786   1.0220298
   1.0118522   1.0220298
   1.0118263   1.0220298
   1.0118009   1.0220298
   1.0117737   1.0220298
   1.0117468   1.0220298
   1.0117206   1.0220298
   1.0116949   1.0220298
   1.0116699   1.0220298
   1.0116456   1.0220298
   1.0116221   1.0220298
   1.0115993   1.0220298
   1.0115775   1.0220298
   1.0115565   1.0220298
   1.0115365   1.0220298
   1.0115175   1.0220298
   1.0114995   1.0220298
   1.0114825   1.0220298
   1.0114665   1.0220298
   1.0114515   1.0220298
   1.0114375   1.0220298
   1.0114245   1.0220298
   1.0114124   1.0220298
   1.0114003   1.0220298
   1.0113871   1.0220298
   1.0113748   1.0220298
   1.0113633   1.0220298
   1.0113519   1.0220298
   1.0113401   1.0220298
   1.0113293   1.0220298
   1.0113195   1.0220298
   1.0113108   1.0220298
   1.0113033   1.0220298
   1.0112969   1.0220298
   1.0112917   1.0220298
   1.0112878   1.0220298
   1.0112854   1.0220298
   1.0112844   1.0220298
   1.0112844   1.0220298
   1.0112844   1.0220298
   1.0112844   1.0220298
   1.0112844   1.0220298
   1.0112844   1.0220298
   1.0112844   1.0220298
   1.0112844   1.0220298
   1.0112844   1.0220298
   1.0112844   1.0220298
   1.0112844   1.0220298
   1.0112844   1.0220298
   1.0112844   1.0220298
   1.0112844   1.0220298
   1.0112844   1.0220298
   1.0112844   1.0220298
   1.0112844   1.0220298
   1.0112844   1.0220298
   1.0112844   1.0220298
   1.0112844   1.0220298
   1.0112844   1.0220298
   1.0112844   1.0220298
   1.0112844   1.0220298
   1.0112844   1.0220298
   1.0112844   1.0220298
   1.0112844   1.0220298
   1.0112844   1.0220298
   1.0112844   1.0220298
   1.0112844   1.0220298
   1.0112844   1.0220298
   1.0112844   1.0220298
   1.0112844   1.0220298
   1.0112844   1.0220298
   1.0112844   1.0220298
   1.0112844   1.0220298
   1.0112844   1.0220298
   1.0112844   1.0220298
   1.0112844   1.0220298
   1.0112844   1.0220298
   1.0112844   1.0220298
   1.0112844   1.0220298
   1.0112844   1.0220298
   1.0112844   1.0220298
   1.0112844   1.0220298
   1.0112844   1.0220298
   1.0112844   1.0220298
   1.0112844   1.0220298
   1.0112844   1.0220298
   1.0112844   1.0220298
   1.0112844   1.0220298
   1.0112844   1.0220298
   1.0112844   1.0220298
   1.0112844   1.0220298
   1.0112844   1.0220298
   1.0112844   1.0220298
   1.0112844   1.0220298
   1.0112844   1.0220298
   1.0112844   1.0220298
   1.0112844   1.0220298
   1.0112844   1.0220298
   1.0112844   1.0220298
   1.0112844   1.0220298
   1.0112844   1.0220298
   1.0112844   1.0220298
   1.0112844   1.0220298
   1.0112844   1.0220298
   1.0112844   1.0220298
   1.0112844   1.0220298
   1.0112844   1.0220298
   1.0112844   1.0220298
   1.0112844   1.0220298
   1.0112844   1.0220298
   1.0112844   1.0220298
   1.0112844   1.0220298
   1.0112844   1.0220298
   1.0112844   1.0220298
   1.0112844   1.0220298
   1.0112844   1.0220298
   1.0112844   1.0220298
   1.0112844   1.0220298
   1.0112844   1.0220298
   1.0112844   1.0220298
   1.0112844   1.0220298
   1.0112844   1.0220298
   1.0112844   1.0220298
   1.0112844   1.0220298
   1.0112844   1.0220298
   1.0112844   1.0220298
   1.0112844   1.0220298
   1.0112844   1.0220298
   1.0112844   1.0220298
   1.0112844   1.0220298
   1.0112844   1.0220298
   1.0112844   1.0220298
   1.0112844   1.0220298
   1.0112844   1.0220298
   1.0112844   1.0220298
   1.0112844   1.0220298
   1.0112844   1.0220298
   1.0112844   1.0220298
   1.0112844   1.0220298
   1.0112844   1.0220298
   1.0112844   1.0220298
   1.0112844   1.0220298
   1.0112844   1.0220298
   1.0112844   1.0220298
   1.0112844   1.0220298
   1.0112844   1.0220298
   1.0112844   1.0220298
   1.0112844   1.0220298
   1.0112844   1.0220298
   1.0112844   1.0220298
   1.0112844   1.0220298
   1.0112844   1.0220298
   1.0112844   1.0220298
   1.0112844   1.0220298
   1.0112844   1.0220298
   1.0112844   1.0220298
   1.0112844   1.0220298
   1.0112844   1.0220298
   1.0112844   1.0220298
   1.0112844   1.0220298
   1.0112844   1.0220298
   1.0112844   1.0220298
   1.0112844   1.0220298
   1.0112844   1.0220298
   1.0112844   1.0220298
   1.0112844   1.0220298
   1.0112844   1.0220298
   1.0112844   1.0220298
   1.0112844   1.0220298
   1.0112844   1.0220298
   1.0112844   1.0220298
   1.0112844   1.0220298
   1.0112844   1.0220298
   1.0112844   1.0220298
   1.0112844   1.0220298
   1.0112844   1.0220298
   1.0112844   1.0220298
   1.0112844   1.0220298
   1.0112844   1.0220298
   1.0112844   1.0220298
   1.0112844   1.0220298
   1.0112844   1.0220298
   1.0112844   1.0220298
   1.0112844   1.0220298
   1.0112844   1.0220298
   1.0112844   1.0220298
   1.0112844   1.0220298
   1.0112844   1.0220298
   1.0112844   1.0220298
   1.0112844   1.0220298
   1.0112844   1.0220298
   1.0112844   1.0220298
   1.0112844   1.0220298
   1.0112844   1.0220298
   1.0112844   1.0220298
   1.0112844   1.0220298
   1.0112844   1.0220298
   1.0112844   1.0220298
   1.0112844   1.0220298
   1.0112844   1.0220298
   1.0112844   1.0220453
   1.0112844   1.0220626
   1.0112844   1.0220783
   1.0112844   1.0220924
   1.0112844   1.0221048
   1.0112844   1.0221156
   1.0112844   1.0221246
   1.0112844   1.0221319
   1.0112844   1.0221517
   1.0112844   1.0221749
   1.0112844   1.0221962
   1.0112844   1.0222156
   1.0112844   1.0222329
   1.0112844   1.0222479
   1.0112844   1.0222606
   1.0112844   1.0222708
   1.0112844   1.0222785
   1.0112844   1.0222836
   1.0112844   1.0222861
   1.0112844   1.0222861
   1.0112844   1.0222861
   1.0112844   1.0222861
   1.0112844   1.0222861
   1.0112844   1.0222861
   1.0112844   1.0222861
   1.0112844   1.0222861
   1.0112844   1.0222861
   1.0112844   1.0222861
   1.0112844   1.0222861
   1.0112844   1.0222861
   1.0112844   1.0222861
   1.0112844   1.0222861
   1.0112844   1.0222861
   1.0112844   1.0222861
   1.0112844   1.0222861
   1.0112844   1.0222861
   1.0112844   1.0222861
   1.0112844   1.0222861
   1.0112844   1.0222861
   1.0112844   1.0222861
   1.0112844   1.0222861
   1.0112844   1.0222861
   1.0112844   1.0222861
   1.0112844   1.0222861
   1.0112844   1.0222861
   1.0112844   1.0222861
   1.0112844   1.0222861
   1.0112844   1.0222861
   1.0112844   1.0222861
   1.0112844   1.0222861
   1.0112844   1.0222984
   1.0112844   1.0223100
   1.0112844   1.0223197
   1.0112844   1.0223278
   1.0112844   1.0223340
   1.0112844   1.0223386
   1.0112844   1.0223416
   1.0112844   1.0223537
   1.0112844   1.0223802
   1.0112844   1.0224051
   1.0112844   1.0224281
   1.0112844   1.0224493
   1.0112844   1.0224686
   1.0112844   1.0224860
   1.0112844   1.0225015
   1.0112844   1.0225150
   1.0112844   1.0225266
   1.0112844   1.0225363
   1.0112844   1.0225441
   1.0112844   1.0225500
   1.0112844   1.0225541
   1.0112844   1.0225564
   1.0112844   1.0225571
   1.0112844   1.0225703
   1.0112844   1.0225892
   1.0112844   1.0226070
   1.0112844   1.0226238
   1.0112844   1.0226395
   1.0112844   1.0226542
   1.0112844   1.0226791
   1.0112844   1.0227129
   1.0112844   1.0227466
   1.0112844   1.0227801
   1.0112844   1.0228135
   1.0112844   1.0228468
   1.0112844   1.0228799
   1.0112844   1.0229129
   1.0112844   1.0229459
   1.0112844   1.0229787
   1.0112844   1.0230114
   1.0112844   1.0230440
   1.0112844   1.0230766
   1.0112844   1.0231091
   1.0112844   1.0231417
   1.0112844   1.0231760
   1.0112844   1.0232099
   1.0112844   1.0232435
   1.0112844   1.0232768
   1.0112844   1.0233099
   1.0112844   1.0233426
   1.0112844   1.0233751
   1.0112844   1.0234074
   1.0112844   1.0234395
   1.0112844   1.0234714
   1.0112844   1.0235030
   1.0112844   1.0235346
   1.0112844   1.0235660
   1.0112844   1.0235973
   1.0112844   1.0236285
   1.0112844   1.0236596
   1.0112844   1.0236906
   1.0112844   1.0237216
   1.0112844   1.0237525
   1.0112844   1.0237834
   1.0112844   1.0238142
   1.0112844   1.0238450
   1.0112844   1.0238758
   1.0112844   1.0239065
   1.0112844   1.0239373
   1.0112844   1.0239680
   1.0112844   1.0239987
   1.0112844   1.0240294
   1.0112844   1.0240601
   1.0112844   1.0240908
   1.0112844   1.0241215
   1.0112844   1.0241521
   1.0112844   1.0241828
   1.0112844   1.0242135
   1.0112844   1.0242441
   1.0112844   1.0242748
   1.0112844   1.0243054
   1.0112844   1.0243361
   1.0112844   1.0243667
